0.0017334317862165963	0.0	0.011448663853727146	0.0	0.0007566807313642757	0.008638537271448664	0.1289732770745429	0.005593389592123769	0.005625879043600563	0.4317862165963432	0.029535864978902954	0.5582278481012658	0.026329113924050632	15.2
3.0618846694796066e-05	0.1160337552742616	0.0028551336146272854	0.0	0.0005836849507735583	0.010703234880450071	0.022081575246132207	0.008818565400843881	0.0028129395218002813	0.48945147679324896	0.020675105485232066	0.5560900140646976	0.0043741209563994375	42.3
0.006889198312236287	0.0	0.025457102672292547	0.0	0.0008874824191279887	0.006990154711673698	0.14064697609001406	0.0018741209563994375	0.03375527426160337	0.9367088607594937	0.02841068917018284	0.5281575246132207	0.004585091420534458	50.0
5.571026722925457e-05	0.0	0.00729957805907173	0.0	0.0007243319268635725	0.008490857946554149	0.04852320675105485	0.008418143459915612	0.007032348804500703	0.3150492264416315	0.02841068917018284	0.5582278481012658	0.011265822784810127	21.1
0.005194247538677918	0.0	0.025457102672292547	0.0	0.0010028129395218003	0.008967651195499297	0.12433192686357245	0.003610548523206751	0.03375527426160337	0.9367088607594937	0.02841068917018284	0.5505344585091421	0.02060478199718706	17.7
0.0003993248945147679	0.0	0.010379746835443038	0.0	0.0006933895921237694	0.008028129395218003	0.10450070323488045	0.006640084388185654	0.007032348804500703	0.40365682137834036	0.02756680731364276	0.550112517580872	0.01651195499296765	18.5
0.01292126582278481	0.0	0.025457102672292547	0.0	0.0009845288326300985	0.007786216596343178	0.14064697609001406	0.0022227848101265824	0.03375527426160337	0.9367088607594937	0.02841068917018284	0.5582278481012658	0.033192686357243324	11.3
0.005762869198312237	0.0	0.02753867791842475	0.0	0.0012250351617440224	0.007690576652601969	0.14064697609001406	0.0019856540084388185	0.007032348804500703	0.5668073136427567	0.020675105485232066	0.5582278481012658	0.03715893108298172	15.6
0.003031012658227848	0.0	0.02753867791842475	0.0	0.0012250351617440224	0.007915611814345991	0.14064697609001406	0.002133052039381153	0.007032348804500703	0.5668073136427567	0.020675105485232066	0.23807313642756683	0.023417721518987338	15.6
0.002290632911392405	0.0	0.03078762306610408	0.0	0.0008776371308016877	0.007059071729957806	0.14064697609001406	0.0020244725738396627	0.005625879043600563	0.6146272855133614	0.02981715893108298	0.5582278481012658	0.04839662447257383	14.4
0.01349607594936709	0.0	0.025457102672292547	0.0	0.0009746835443037974	0.0090070323488045	0.14064697609001406	0.0023052039381153307	0.03375527426160337	0.9367088607594937	0.02841068917018284	0.5289873417721519	0.028565400843881854	12.1
0.026457102672292544	0.0	0.025457102672292547	0.0	0.0008396624472573839	0.006509142053445851	0.14064697609001406	0.0021855133614627287	0.03375527426160337	0.9367088607594937	0.02841068917018284	0.040492264416315045	0.04834036568213783	17.9
0.0001956962025316456	0.0	0.00569620253164557	0.0	0.0007172995780590718	0.007836849507735584	0.12447257383966245	0.0036513361462728548	0.007032348804500703	0.41631504922644164	0.023347398030942337	0.5582278481012658	0.020661040787623066	23.1
0.005396399437412096	0.0	0.025457102672292547	0.0	0.0010829817158931083	0.00879184247538678	0.12812939521800282	0.003228551336146273	0.03375527426160337	0.9367088607594937	0.02841068917018284	0.4931786216596343	0.019957805907172995	19.9
0.0005447960618846695	0.0	0.036075949367088606	0.0	0.0008171589310829817	0.00789451476793249	0.13445850914205343	0.0024714486638537274	0.0028129395218002813	0.26441631504922647	0.02686357243319269	0.5053305203938115	0.038340365682137834	15.7
0.10342348804500702	0.0	0.025457102672292547	0.0	0.0009549929676511956	0.008378340365682137	0.14064697609001406	0.0025353023909985934	0.03375527426160337	0.9367088607594937	0.02841068917018284	0.023136427566807314	0.0290014064697609	8.8
0.009196568213783403	0.0	0.025457102672292547	0.0014064697609001407	0.0008874824191279887	0.009867791842475387	0.1371308016877637	0.001691139240506329	0.03375527426160337	0.9367088607594937	0.02841068917018284	0.5514064697609001	0.004163150492264416	50.0
9.09423347398031e-05	0.09845288326300984	0.003150492264416315	0.0	0.0005625879043600563	0.008924050632911393	0.028270042194092827	0.011009563994374121	0.007032348804500703	0.5035161744022504	0.02081575246132208	0.5179184247538678	0.006990154711673698	22.5
4.845288326300985e-05	0.1160337552742616	0.0028551336146272854	0.0	0.0005836849507735583	0.008666666666666666	0.0540084388185654	0.008818565400843881	0.0028129395218002813	0.48945147679324896	0.020675105485232066	0.5538255977496483	0.010450070323488044	24.1
0.0002090857946554149	0.0	0.012039381153305205	0.0	0.0007313642756680732	0.009461322081575246	0.11237693389592125	0.0039068917018284105	0.007032348804500703	0.540084388185654	0.029395218002812938	0.5552180028129395	0.013248945147679325	27.5
0.052970323488045014	0.0	0.025457102672292547	0.0	0.0009549929676511956	0.008722925457102673	0.11068917018284108	0.0026201125175808722	0.03375527426160337	0.9367088607594937	0.02841068917018284	0.026469760900140648	0.02042194092827004	10.9
3.886075949367089e-05	0.10548523206751055	0.0041490857946554155	0.0	0.0006019690576652602	0.009275668073136427	0.030661040787623068	0.007596483825597749	0.004219409282700422	0.35443037974683544	0.025738396624472575	0.5564416315049227	0.006075949367088608	30.8
2.5007032348804502e-05	0.13361462728551335	0.0020675105485232067	0.0	0.0005668073136427567	0.010035161744022502	0.019549929676511955	0.010764275668073137	0.004219409282700422	0.5654008438818565	0.02390998593530239	0.540506329113924	0.006258790436005626	32.9
8.888888888888888e-06	0.02531645569620253	0.003248945147679325	0.0	0.0007566807313642757	0.009247538677918426	0.09170182841068918	0.005752461322081575	0.0014064697609001407	0.41631504922644164	0.021518987341772152	0.5582278481012658	0.007004219409282701	24.0
4.2770745428973273e-05	0.0	0.00729957805907173	0.0	0.0007243319268635725	0.008291139240506328	0.08382559774964839	0.00789732770745429	0.007032348804500703	0.3150492264416315	0.02841068917018284	0.5552883263009846	0.014852320675105486	18.5
0.013816441631504922	0.0	0.025457102672292547	0.0	0.0009437412095639944	0.009555555555555555	0.1389592123769339	0.0019099859353023912	0.03375527426160337	0.9367088607594937	0.02841068917018284	0.5582278481012658	0.029873417721518986	13.3
0.0001241772151898734	0.017580872011251757	0.011068917018284108	0.0	0.0007369901547116737	0.008455696202531645	0.09367088607594935	0.007820675105485233	0.007032348804500703	0.43741209563994377	0.021378340365682136	0.5563994374120956	0.017482419127988747	22.9
3.838255977496484e-05	0.0	0.009943741209563995	0.0	0.0006596343178621659	0.01010548523206751	0.0859353023909986	0.006986075949367089	0.0028129395218002813	0.340365682137834	0.025035161744022504	0.5525035161744022	0.005668073136427567	34.7
0.0009450210970464135	0.0	0.011448663853727146	0.0	0.0007566807313642757	0.008175808720112518	0.1270042194092827	0.006585091420534459	0.005625879043600563	0.4317862165963432	0.029535864978902954	0.530070323488045	0.020829817158931084	16.6
0.000250112517580872	0.0	0.013628691983122361	0.0	0.0008227848101265823	0.007832630098452883	0.10337552742616034	0.0033753867791842477	0.008438818565400843	0.549929676511955	0.0270042194092827	0.5566385372714486	0.021237693389592124	17.5
6.455696202531646e-05	0.07383966244725738	0.007482419127988749	0.0	0.000569620253164557	0.00888185654008439	0.06413502109704641	0.01029142053445851	0.008438818565400843	0.4120956399437412	0.023347398030942337	0.5582278481012658	0.010689170182841068	22.3
0.007159170182841068	0.0	0.025457102672292547	0.0	0.0010028129395218003	0.008856540084388185	0.1291139240506329	0.0033308016877637127	0.03375527426160337	0.9367088607594937	0.02841068917018284	0.5416174402250351	0.024289732770745427	16.1
0.010903277074542897	0.0	0.025457102672292547	0.0	0.0010028129395218003	0.008862165963431786	0.11772151898734177	0.003914345991561182	0.03375527426160337	0.9367088607594937	0.02841068917018284	0.38285513361462725	0.022827004219409284	14.9
0.0014823206751054853	0.0	0.011448663853727146	0.0	0.0007566807313642757	0.008347398030942334	0.04120956399437412	0.006327144866385372	0.005625879043600563	0.4317862165963432	0.029535864978902954	0.5440928270042195	0.009254571026722926	23.1
4.724331926863573e-05	0.10548523206751055	0.0041490857946554155	0.0	0.0006019690576652602	0.009879043600562588	0.022222222222222223	0.007596483825597749	0.004219409282700422	0.35443037974683544	0.025738396624472575	0.5564275668073136	0.0027848101265822785	34.9
0.000479732770745429	0.0	0.010379746835443038	0.0	0.0006933895921237694	0.009022503516174403	0.05639943741209564	0.006640084388185654	0.007032348804500703	0.40365682137834036	0.02756680731364276	0.5582278481012658	0.008607594936708861	25.0
0.0011821940928270042	0.0	0.011448663853727146	0.0	0.0007566807313642757	0.007874824191279889	0.12053445850914206	0.006265260196905767	0.005625879043600563	0.4317862165963432	0.029535864978902954	0.4267510548523207	0.023220815752461325	13.9
0.00161985935302391	0.0	0.011448663853727146	0.0	0.0007566807313642757	0.008018284106891701	0.13361462728551335	0.005326582278481012	0.005625879043600563	0.4317862165963432	0.029535864978902954	0.5045991561181434	0.025808720112517582	13.1
0.0004938677918424754	0.0	0.010379746835443038	0.0	0.0006933895921237694	0.00849648382559775	0.07018284106891702	0.006640084388185654	0.007032348804500703	0.40365682137834036	0.02756680731364276	0.5582278481012658	0.010829817158931084	20.4
0.00014279887482419128	0.0	0.018045007032348806	0.0	0.0006146272855133615	0.008831223628691983	0.10478199718706048	0.00569929676511955	0.007032348804500703	0.559774964838256	0.02630098452883263	0.5255414908579465	0.016835443037974684	20.0
0.0002121800281293952	0.0	0.0390154711673699	0.0	0.0008565400843881856	0.007670886075949367	0.13037974683544304	0.0025610407876230663	0.005625879043600563	1.0	0.028270042194092827	0.5556821378340365	0.02540084388185654	15.2
0.00022413502109704643	0.0	0.009718706047819973	0.0	0.0006300984528832631	0.008735583684950775	0.009142053445850914	0.008046272855133615	0.004219409282700422	0.32770745428973275	0.025175808720112516	0.5547960618846695	0.010464135021097047	24.7
7.149085794655415e-05	0.0	0.00729957805907173	0.0	0.0007243319268635725	0.008883263009845288	0.05358649789029536	0.009083544303797469	0.007032348804500703	0.3150492264416315	0.02841068917018284	0.5481153305203937	0.0079887482419128	22.2
0.01559409282700422	0.0	0.025457102672292547	0.0	0.0010098452883263009	0.0090168776371308	0.14064697609001406	0.0026144866385372713	0.03375527426160337	0.9367088607594937	0.02841068917018284	0.44831223628691985	0.02112517580872011	16.7
0.0187901547116737	0.0	0.025457102672292547	0.0	0.0009746835443037974	0.008279887482419127	0.13319268635724332	0.0025064697609001405	0.03375527426160337	0.9367088607594937	0.02841068917018284	0.5582278481012658	0.022995780590717302	12.7
0.0010552180028129397	0.0	0.011448663853727146	0.0	0.0007566807313642757	0.008331926863572434	0.13234880450070322	0.006187904360056259	0.005625879043600563	0.4317862165963432	0.029535864978902954	0.5546132208157525	0.022925457102672294	15.6
0.0004638818565400844	0.0	0.03078762306610408	0.0	0.0008776371308016877	0.008188466947960618	0.13417721518987344	0.0034738396624472575	0.005625879043600563	0.6146272855133614	0.02981715893108298	0.5466807313642756	0.021139240506329114	18.4
0.001409915611814346	0.0	0.011448663853727146	0.0	0.0007566807313642757	0.009386779184247539	0.12278481012658228	0.005962025316455696	0.005625879043600563	0.4317862165963432	0.029535864978902954	0.5347819971870605	0.016849507735583684	21.0
0.0009235583684950773	0.02812939521800281	0.005583684950773559	0.0	0.0009099859353023911	0.009623066104078763	0.14064697609001406	0.002827988748241913	0.007032348804500703	0.37130801687763715	0.01828410689170183	0.5512376933895922	0.009704641350210971	30.1
0.009792053445850915	0.0	0.025457102672292547	0.0	0.0009845288326300985	0.008035161744022504	0.13642756680731363	0.002709563994374121	0.03375527426160337	0.9367088607594937	0.02841068917018284	0.5547538677918424	0.024064697609001404	15.1
8.651195499296765e-05	0.0	0.00729957805907173	0.0	0.0007243319268635725	0.00839381153305204	0.08227848101265822	0.0067682137834036565	0.007032348804500703	0.3150492264416315	0.02841068917018284	0.5582278481012658	0.013066104078762306	18.7
0.020282419127988748	0.0	0.025457102672292547	0.0	0.001040787623066104	0.009087201125175809	0.13122362869198312	0.002816596343178622	0.03375527426160337	0.9367088607594937	0.02841068917018284	0.03866385372714486	0.02538677918424754	9.6
0.000719873417721519	0.0	0.008720112517580873	0.0	0.0007130801687763713	0.010348804500703234	0.10070323488045006	0.005834036568213783	0.011251758087201125	0.4317862165963432	0.024472573839662445	0.5486216596343179	0.006652601969057666	31.5
6.0436005625879044e-05	0.07383966244725738	0.007482419127988749	0.0	0.000569620253164557	0.009233473980309425	0.03220815752461322	0.01029142053445851	0.008438818565400843	0.4120956399437412	0.023347398030942337	0.5228129395218003	0.013375527426160338	24.8
0.003254430379746835	0.0	0.02753867791842475	0.0	0.0008509142053445851	0.008270042194092827	0.1368495077355837	0.003359634317862166	0.007032348804500703	0.5668073136427567	0.020675105485232066	0.48963431786216594	0.01691983122362869	19.1
9.703234880450069e-05	0.0	0.036075949367088606	0.0	0.0008171589310829817	0.008255977496483826	0.0980309423347398	0.003175386779184247	0.0028129395218002813	0.26441631504922647	0.02686357243319269	0.5473277074542897	0.02021097046413502	22.0
0.011943924050632911	0.0	0.025457102672292547	0.0	0.0008213783403656821	0.008928270042194092	0.12109704641350211	0.002887060478199719	0.03375527426160337	0.9367088607594937	0.02841068917018284	0.11736990154711674	0.02481012658227848	14.5
0.010361617440225035	0.0	0.025457102672292547	0.0	0.0009549929676511956	0.008710267229254571	0.10984528832630097	0.002722362869198312	0.03375527426160337	0.9367088607594937	0.02841068917018284	0.1360478199718706	0.030267229254571027	11.0
0.0001350773558368495	0.05625879043600562	0.009015471167369902	0.0	0.0006286919831223628	0.009639943741209564	0.06019690576652602	0.00600182841068917	0.005625879043600563	0.35724331926863573	0.024753867791842476	0.5582278481012658	0.004191279887482419	32.0
9.372714486638537e-05	0.0	0.00569620253164557	0.0	0.0007172995780590718	0.009206751054852321	0.04655414908579466	0.00440548523206751	0.007032348804500703	0.41631504922644164	0.023347398030942337	0.549873417721519	0.00749648382559775	29.4
0.00010077355836849508	0.0	0.036075949367088606	0.0	0.0008171589310829817	0.008444444444444444	0.11828410689170182	0.0030905766526019693	0.0028129395218002813	0.26441631504922647	0.02686357243319269	0.5311814345991561	0.020070323488045005	20.3
0.0001611814345991561	0.02812939521800281	0.009789029535864979	0.0	0.0006526019690576653	0.00919549929676512	0.08255977496483825	0.0055098452883263005	0.004219409282700422	0.3136427566807314	0.026160337552742618	0.5554992967651196	0.010872011251758087	24.4
0.01439240506329114	0.0	0.025457102672292547	0.0	0.0008635724331926863	0.00869901547116737	0.1360056258790436	0.0030527426160337555	0.03375527426160337	0.9367088607594937	0.02841068917018284	0.5340365682137834	0.025358649789029537	14.6
0.00024078762306610407	0.0	0.012039381153305205	0.0	0.0007313642756680732	0.008208157524613222	0.12925457102672294	0.003109704641350211	0.007032348804500703	0.540084388185654	0.029395218002812938	0.5564978902953587	0.026244725738396625	19.5
0.006684064697609002	0.0	0.025457102672292547	0.0	0.0010028129395218003	0.009177215189873418	0.12165963431786217	0.0034258790436005626	0.03375527426160337	0.9367088607594937	0.02841068917018284	0.07161744022503516	0.02549929676511955	14.1
0.007849606188466949	0.0	0.025457102672292547	0.0	0.0010028129395218003	0.009052039381153305	0.12362869198312237	0.0032571026722925454	0.03375527426160337	0.9367088607594937	0.02841068917018284	0.1409142053445851	0.02281293952180028	14.3
0.0013729535864978903	0.0	0.03078762306610408	0.0	0.0008776371308016877	0.00809704641350211	0.13839662447257384	0.00329957805907173	0.005625879043600563	0.6146272855133614	0.02981715893108298	0.36956399437412096	0.024345991561181432	15.6
0.031014205344585093	0.0	0.025457102672292547	0.0	0.001040787623066104	0.008182841068917018	0.129957805907173	0.002624753867791843	0.03375527426160337	0.9367088607594937	0.02841068917018284	0.5505625879043601	0.031097046413502107	10.5
0.01394732770745429	0.0	0.025457102672292547	0.0	0.0009746835443037974	0.008230661040787624	0.10942334739803093	0.002110267229254571	0.03375527426160337	0.9367088607594937	0.02841068917018284	0.4756118143459916	0.04215189873417721	6.3
0.0005285232067510549	0.0	0.01489451476793249	0.0014064697609001407	0.0006877637130801688	0.00760056258790436	0.12461322081575245	0.005154711673699015	0.005625879043600563	0.38959212376933894	0.026160337552742618	0.5558931082981716	0.033727144866385374	19.3
0.0002410970464135021	0.0	0.009718706047819973	0.0	0.0006300984528832631	0.0079915611814346	0.04753867791842475	0.0071735583684950765	0.004219409282700422	0.32770745428973275	0.025175808720112516	0.5582278481012658	0.014360056258790437	19.3
0.015696765119549927	0.0	0.025457102672292547	0.0	0.001040787623066104	0.009323488045007032	0.1330520393811533	0.0029883263009845284	0.03375527426160337	0.9367088607594937	0.02841068917018284	0.15450070323488044	0.03272855133614627	13.4
0.00012185654008438818	0.06329113924050633	0.004838255977496484	0.0	0.0006146272855133615	0.01009563994374121	0.0369901547116737	0.009113642756680732	0.007032348804500703	0.559774964838256	0.021378340365682136	0.5492123769338959	0.004036568213783404	36.4
0.00044763713080168776	0.0	0.013924050632911394	0.0	0.0007651195499296765	0.008317862165963431	0.1170182841068917	0.005623909985935303	0.005625879043600563	0.42756680731364277	0.025879043600562587	0.5495077355836849	0.025780590717299576	17.8
0.002268382559774965	0.0	0.011448663853727146	0.0	0.0007566807313642757	0.008573839662447258	0.13628691983122362	0.0052880450070323486	0.005625879043600563	0.4317862165963432	0.029535864978902954	0.3492405063291139	0.02860759493670886	13.5
0.00029710267229254573	0.017580872011251757	0.011068917018284108	0.0	0.0007369901547116737	0.007919831223628692	0.14064697609001406	0.008554289732770745	0.007032348804500703	0.43741209563994377	0.021378340365682136	0.5437834036568213	0.04209563994374121	16.5
0.0223070323488045	0.0	0.025457102672292547	0.0	0.0009549929676511956	0.008292545710267229	0.13417721518987344	0.0026857946554149086	0.03375527426160337	0.9367088607594937	0.02841068917018284	0.01080168776371308	0.03430379746835443	8.3
0.001239451476793249	0.0	0.03078762306610408	0.0	0.0008776371308016877	0.007928270042194091	0.13319268635724332	0.0027846694796061886	0.005625879043600563	0.6146272855133614	0.02981715893108298	0.5582278481012658	0.02579465541490858	14.3
0.00024150492264416316	0.035161744022503515	0.007215189873417721	0.0	0.0006371308016877638	0.008390998593530239	0.13136427566807315	0.00959001406469761	0.011251758087201125	0.39943741209563993	0.02770745428973277	0.5317580872011252	0.02030942334739803	16.0
0.004670956399437412	0.0	0.02753867791842475	0.0014064697609001407	0.0012250351617440224	0.0075991561181434596	0.14064697609001406	0.001858790436005626	0.007032348804500703	0.5668073136427567	0.020675105485232066	0.5582278481012658	0.03772151898734177	13.4
0.0001818846694796062	0.0	0.019578059071729957	0.0	0.0006146272855133615	0.00939240506329114	0.043741209563994375	0.008383122362869198	0.005625879043600563	0.40646976090014064	0.02250351617440225	0.5582278481012658	0.008818565400843881	28.6
0.000760196905766526	0.02812939521800281	0.005583684950773559	0.0	0.0008087201125175808	0.01050632911392405	0.0739803094233474	0.0040393811533052035	0.007032348804500703	0.37130801687763715	0.01828410689170183	0.5489451476793249	0.0044444444444444444	43.5
0.001128987341772152	0.0	0.011448663853727146	0.0	0.0007566807313642757	0.007673699015471168	0.05147679324894515	0.005339662447257384	0.005625879043600563	0.4317862165963432	0.029535864978902954	0.40645569620253164	0.016441631504922644	20.2
1.541490857946554e-05	0.07735583684950774	0.0031645569620253164	0.0	0.0005471167369901547	0.009075949367088608	0.044866385372714486	0.010277496483825596	0.0014064697609001407	0.4219409282700422	0.021518987341772152	0.5551617440225035	0.011575246132208158	22.0
0.0008298874824191279	0.0	0.03078762306610408	0.0	0.0008776371308016877	0.008962025316455695	0.13769338959212377	0.003273417721518987	0.005625879043600563	0.6146272855133614	0.02981715893108298	0.5425597749648382	0.015639943741209562	23.0
5.257383966244725e-05	0.0	0.00729957805907173	0.0	0.0007243319268635725	0.008874824191279888	0.05414908579465542	0.009083544303797469	0.007032348804500703	0.3150492264416315	0.02841068917018284	0.5476793248945148	0.00949367088607595	20.7
0.008258860759493671	0.0	0.025457102672292547	0.0	0.0009746835443037974	0.009008438818565402	0.1350210970464135	0.002358368495077356	0.03375527426160337	0.9367088607594937	0.02841068917018284	0.5582278481012658	0.027243319268635727	12.5
4.936708860759494e-05	0.13361462728551335	0.003769338959212377	0.0	0.0005852320675105486	0.011045007032348805	0.046694796061884675	0.007198312236286921	0.005625879043600563	0.3150492264416315	0.020675105485232066	0.5524331926863572	0.005358649789029536	48.5
0.003331392405063291	0.0	0.02753867791842475	0.0	0.0012250351617440224	0.006928270042194093	0.13459915611814346	0.002054571026722926	0.007032348804500703	0.5668073136427567	0.020675105485232066	0.550928270042194	0.04153305203938115	14.6
0.00991620253164557	0.0	0.025457102672292547	0.0	0.0008635724331926863	0.008583684950773558	0.11969057665260197	0.002843600562587904	0.03375527426160337	0.9367088607594937	0.02841068917018284	0.0035443037974683543	0.03275668073136427	13.4
0.008028382559774965	0.0	0.025457102672292547	0.0	0.0007482419127988749	0.00949367088607595	0.10534458509142054	0.004685935302390999	0.03375527426160337	0.9367088607594937	0.02841068917018284	0.5528410689170182	0.010886075949367089	23.7
2.8255977496483824e-05	0.13361462728551335	0.003769338959212377	0.0	0.0005852320675105486	0.011299578059071731	0.044866385372714486	0.007198312236286921	0.005625879043600563	0.3150492264416315	0.020675105485232066	0.54929676511955	0.004050632911392405	50.0
0.00011531645569620253	0.0	0.019578059071729957	0.0	0.0006146272855133615	0.008451476793248945	0.05949367088607595	0.007739381153305204	0.005625879043600563	0.40646976090014064	0.02250351617440225	0.5582278481012658	0.014627285513361463	21.7
9.265822784810126e-05	0.0	0.0034599156118143458	0.0	0.0006863572433192687	0.01092123769338959	0.11715893108298171	0.003855133614627286	0.004219409282700422	0.2714486638537271	0.025035161744022504	0.5563431786216596	0.010632911392405063	39.8
0.000169943741209564	0.0	0.0040646976090014065	0.0	0.0006258790436005626	0.011348804500703236	0.10689170182841069	0.004915893108298172	0.0028129395218002813	0.3881856540084388	0.02531645569620253	0.5582278481012658	0.0059212376933895925	38.7
0.00014472573839662448	0.04219409282700422	0.006933895921237693	0.0	0.0006019690576652602	0.008942334739803093	0.07440225035161743	0.00989521800281294	0.008438818565400843	0.4219409282700422	0.023347398030942337	0.5242616033755274	0.015780590717299578	22.2
4.430379746835443e-05	0.13361462728551335	0.0020675105485232067	0.0	0.0005668073136427567	0.009810126582278481	0.021518987341772152	0.010764275668073137	0.004219409282700422	0.5654008438818565	0.02390998593530239	0.5582278481012658	0.006413502109704641	34.9
7.29676511954993e-05	0.0	0.006315049226441632	0.0	0.0006315049226441632	0.008459915611814346	0.06343178621659634	0.006226722925457103	0.004219409282700422	0.34739803094233473	0.026019690576652602	0.5569479606188467	0.018087201125175808	22.5
3.075949367088608e-05	0.08438818565400844	0.004120956399437412	0.0	0.0005639943741209564	0.009563994374120956	0.013924050632911394	0.008747679324894515	0.0014064697609001407	0.3727144866385373	0.021940928270042192	0.5532630098452883	0.0070745428973277074	31.1
4.19831223628692e-05	0.0	0.0030661040787623066	0.0	0.0006441631504922645	0.009043600562587904	0.08255977496483825	0.008526300984528832	0.004219409282700422	0.31223628691983124	0.02630098452883263	0.5543178621659635	0.007327707454289733	28.7
8.620253164556962e-05	0.02812939521800281	0.0046835443037974685	0.0014064697609001407	0.0006229254571026723	0.010752461322081575	0.06990154711673699	0.007330379746835443	0.007032348804500703	0.3037974683544304	0.020956399437412097	0.5303375527426161	0.004233473980309423	46.0
0.0008091279887482419	0.0	0.008720112517580873	0.0	0.0007130801687763713	0.011725738396624472	0.1030942334739803	0.0053985935302391	0.011251758087201125	0.4317862165963432	0.024472573839662445	0.5427707454289733	0.003473980309423348	41.7
0.0006687341772151898	0.0	0.013924050632911394	0.0	0.0007651195499296765	0.008597749648382561	0.08270042194092826	0.005628551336146273	0.005625879043600563	0.42756680731364277	0.025879043600562587	0.5572855133614627	0.01790436005625879	21.0
0.00017924050632911392	0.0	0.009718706047819973	0.0	0.0006300984528832631	0.009521800281293952	0.004078762306610408	0.008046272855133615	0.004219409282700422	0.32770745428973275	0.025175808720112516	0.5420675105485232	0.006807313642756681	26.6
0.07192095639943742	0.0	0.025457102672292547	0.0	0.0008396624472573839	0.00809704641350211	0.14064697609001406	0.001987341772151899	0.03375527426160337	0.9367088607594937	0.02841068917018284	0.0036568213783403658	0.014219409282700421	15.0
0.00019732770745428975	0.030942334739803096	0.008241912798874824	0.0	0.0006061884669479606	0.009123769338959212	0.01828410689170183	0.01040323488045007	0.009845288326300985	0.4641350210970464	0.02686357243319269	0.5573558368495077	0.008298171589310831	24.4
0.008991729957805906	0.0	0.025457102672292547	0.0	0.0008213783403656821	0.008666666666666666	0.1369901547116737	0.00310267229254571	0.03375527426160337	0.9367088607594937	0.02841068917018284	0.4258227848101266	0.03389592123769339	13.3
0.00017255977496483826	0.0	0.009718706047819973	0.0	0.0006300984528832631	0.008535864978902954	0.05625879043600562	0.008046272855133615	0.004219409282700422	0.32770745428973275	0.025175808720112516	0.5476652601969058	0.013431786216596344	21.2
0.012365850914205346	0.0	0.025457102672292547	0.0	0.0008213783403656821	0.007827004219409283	0.09929676511954992	0.00290225035161744	0.03375527426160337	0.9367088607594937	0.02841068917018284	0.005133614627285513	0.024135021097046412	11.7
0.0002453727144866385	0.0	0.01489451476793249	0.0014064697609001407	0.0006877637130801688	0.008382559774964838	0.12953586497890296	0.005453023909985935	0.005625879043600563	0.38959212376933894	0.026160337552742618	0.5530942334739803	0.024289732770745427	21.7
0.00037078762306610405	0.0	0.012039381153305205	0.0	0.0007313642756680732	0.008760900140646977	0.12827004219409283	0.003579606188466948	0.007032348804500703	0.540084388185654	0.029395218002812938	0.550253164556962	0.021870604781997188	19.4
0.002827271448663854	0.0	0.02753867791842475	0.0	0.0008509142053445851	0.011151898734177216	0.13530239099859354	0.002877496483825598	0.007032348804500703	0.5668073136427567	0.020675105485232066	0.519409282700422	0.00520393811533052	50.0
0.00014182841068917018	0.0	0.014078762306610407	0.0	0.000769338959212377	0.009444444444444445	0.11476793248945147	0.003765822784810127	0.008438818565400843	0.6075949367088608	0.025035161744022504	0.5563853727144866	0.014289732770745429	22.8
0.00040731364275668075	0.0	0.013628691983122361	0.0	0.0008227848101265823	0.007580872011251758	0.10253164556962026	0.003936146272855133	0.008438818565400843	0.549929676511955	0.0270042194092827	0.5582278481012658	0.029732770745428974	19.7
2.890295358649789e-05	0.11954992967651196	0.001040787623066104	0.0	0.0005766526019690576	0.008977496483825597	0.05021097046413502	0.012922081575246132	0.0028129395218002813	0.44022503516174405	0.024331926863572433	0.5582278481012658	0.00811533052039381	24.7
9.711673699015472e-05	0.0	0.0030661040787623066	0.0	0.0006441631504922645	0.010052039381153306	0.07623066104078763	0.008526300984528832	0.004219409282700422	0.31223628691983124	0.02630098452883263	0.5582278481012658	0.00749648382559775	36.2
0.00987706047819972	0.0	0.025457102672292547	0.0	0.0010098452883263009	0.008447257383966246	0.1340365682137834	0.002636568213783404	0.03375527426160337	0.9367088607594937	0.02841068917018284	0.45004219409282703	0.022081575246132207	14.2
0.0002391561181434599	0.017580872011251757	0.011068917018284108	0.0	0.0007369901547116737	0.008444444444444444	0.12081575246132209	0.009271589310829817	0.007032348804500703	0.43741209563994377	0.021378340365682136	0.5438959212376934	0.02405063291139241	18.9
0.00024098452883263008	0.0	0.014078762306610407	0.0	0.000769338959212377	0.008337552742616034	0.12405063291139241	0.003464275668073136	0.008438818565400843	0.6075949367088608	0.025035161744022504	0.48510548523206753	0.022165963431786215	18.3
0.000149915611814346	0.11251758087201125	0.0026863572433192687	0.0	0.0005808720112517581	0.008348804500703235	0.027426160337552744	0.014888466947960617	0.005625879043600563	0.469760900140647	0.030942334739803096	0.528888888888889	0.007834036568213784	20.6
7.630098452883263e-05	0.0	0.00569620253164557	0.0	0.0007172995780590718	0.00888185654008439	0.10323488045007033	0.0046659634317862166	0.007032348804500703	0.41631504922644164	0.023347398030942337	0.5563994374120956	0.008846694796061885	24.6
0.001020815752461322	0.0	0.011448663853727146	0.0	0.0007566807313642757	0.008054852320675106	0.09774964838255977	0.005339662447257384	0.005625879043600563	0.4317862165963432	0.029535864978902954	0.54985935302391	0.015864978902953585	18.2
0.021346272855133613	0.0	0.025457102672292547	0.0	0.001040787623066104	0.008652601969057665	0.14064697609001406	0.002692264416315049	0.03375527426160337	0.9367088607594937	0.02841068917018284	0.013108298171589311	0.037201125175808716	8.7
2.1631504922644162e-05	0.12658227848101267	0.005274261603375527	0.0	0.0005541490857946554	0.010483825597749649	0.04810126582278482	0.00891153305203938	0.004219409282700422	0.3431786216596343	0.022362869198312235	0.5433755274261604	0.0043741209563994375	44.0
0.1251423347398031	0.0	0.025457102672292547	0.0	0.0009437412095639944	0.00980028129395218	0.12925457102672294	0.0019922644163150494	0.03375527426160337	0.9367088607594937	0.02841068917018284	0.5582278481012658	0.024205344585091423	10.4
0.0019521659634317862	0.0	0.011448663853727146	0.0	0.0007566807313642757	0.008368495077355837	0.11533052039381153	0.0056118143459915615	0.005625879043600563	0.4317862165963432	0.029535864978902954	0.3271448663853727	0.0389732770745429	13.2
7.940928270042195e-05	0.0	0.018045007032348806	0.0	0.0006146272855133615	0.008765119549929676	0.07552742616033756	0.007052180028129395	0.007032348804500703	0.559774964838256	0.02630098452883263	0.5434599156118143	0.017355836849507734	21.2
0.00012753867791842475	0.06329113924050633	0.004838255977496484	0.0	0.0006146272855133615	0.009776371308016877	0.030239099859353025	0.009113642756680732	0.007032348804500703	0.559774964838256	0.021378340365682136	0.5311954992967651	0.007172995780590717	37.0
0.0011050632911392404	0.02812939521800281	0.005583684950773559	0.0	0.0009099859353023911	0.009864978902953587	0.1189873417721519	0.0029998593530239097	0.007032348804500703	0.37130801687763715	0.01828410689170183	0.540182841068917	0.020801687763713078	30.7
8.735583684950773e-05	0.05625879043600562	0.0017580872011251757	0.0	0.0006033755274261603	0.009127988748241913	0.06244725738396624	0.012365822784810125	0.0014064697609001407	0.4711673699015471	0.02770745428973277	0.5582278481012658	0.008410689170182842	22.9
0.0002649226441631505	0.0	0.009718706047819973	0.0	0.0006300984528832631	0.008137834036568214	0.046835443037974676	0.0071735583684950765	0.004219409282700422	0.32770745428973275	0.025175808720112516	0.5582278481012658	0.01990154711673699	20.0
0.00020360056258790437	0.0	0.014078762306610407	0.0	0.000769338959212377	0.008060478199718706	0.09170182841068918	0.003880731364275668	0.008438818565400843	0.6075949367088608	0.025035161744022504	0.5506329113924051	0.019142053445850914	19.3
0.0006511392405063291	0.0	0.008720112517580873	0.0	0.0007088607594936709	0.010424753867791842	0.10815752461322083	0.005163853727144866	0.011251758087201125	0.4317862165963432	0.024472573839662445	0.5290295358649789	0.007383966244725738	31.7
0.00011075949367088607	0.06329113924050633	0.004838255977496484	0.0	0.0006146272855133615	0.009538677918424754	0.05780590717299578	0.005328551336146273	0.007032348804500703	0.559774964838256	0.021378340365682136	0.5539662447257384	0.00939521800281294	32.0
0.0002517440225035162	0.0	0.013628691983122361	0.0	0.0008227848101265823	0.007974683544303798	0.04050632911392405	0.003936146272855133	0.008438818565400843	0.549929676511955	0.0270042194092827	0.5531504922644164	0.024753867791842476	23.1
0.00013852320675105485	0.0	0.036075949367088606	0.0	0.0008171589310829817	0.008268635724331926	0.13473980309423347	0.0028218002812939523	0.0028129395218002813	0.26441631504922647	0.02686357243319269	0.5335864978902953	0.02472573839662447	18.8
0.022326863572433193	0.0	0.025457102672292547	0.0	0.0009437412095639944	0.00920534458509142	0.13938115330520393	0.002136708860759494	0.03375527426160337	0.9367088607594937	0.02841068917018284	0.5582278481012658	0.029648382559774963	10.9
0.0008601125175808719	0.02812939521800281	0.005583684950773559	0.0	0.0009099859353023911	0.012241912798874825	0.12222222222222223	0.0025330520393811533	0.007032348804500703	0.37130801687763715	0.01828410689170183	0.5481012658227848	0.00720112517580872	50.0
0.00014526019690576651	0.035161744022503515	0.007215189873417721	0.0	0.0006371308016877638	0.008336146272855133	0.06638537271448665	0.009749648382559775	0.011251758087201125	0.39943741209563993	0.02770745428973277	0.5582278481012658	0.012967651195499297	19.6
0.09552855133614627	0.0	0.025457102672292547	0.0	0.0009746835443037974	0.007992967651195499	0.14064697609001406	0.0020047819971870605	0.03375527426160337	0.9367088607594937	0.02841068917018284	0.5414486638537271	0.03232067510548523	5.0
0.0003570604781997187	0.0	0.009718706047819973	0.0	0.0006300984528832631	0.007593530239099859	0.1340365682137834	0.008255977496483826	0.004219409282700422	0.32770745428973275	0.025175808720112516	0.5582278481012658	0.043333333333333335	14.4
0.000180056258790436	0.0	0.012039381153305205	0.0	0.0007313642756680732	0.009105485232067511	0.13656821378340364	0.003421800281293952	0.007032348804500703	0.540084388185654	0.029395218002812938	0.5558931082981716	0.017257383966244724	19.8
0.0121585935302391	0.0	0.025457102672292547	0.0	0.0009746835443037974	0.008710267229254571	0.130239099859353	0.002519268635724332	0.03375527426160337	0.9367088607594937	0.02841068917018284	0.5582278481012658	0.021336146272855135	13.8
0.0016778340365682135	0.0	0.03078762306610408	0.0	0.0008776371308016877	0.00889732770745429	0.13741209563994375	0.0031940928270042194	0.005625879043600563	0.6146272855133614	0.02981715893108298	0.5582278481012658	0.017243319268635725	19.6
8.545710267229255e-05	0.0	0.016779184247538676	0.0	0.0008059071729957805	0.00981153305203938	0.1279887482419128	0.0030485232067510547	0.0014064697609001407	0.38396624472573837	0.029535864978902954	0.5582278481012658	0.007932489451476793	23.9
0.00023120956399437414	0.030942334739803096	0.008241912798874824	0.0	0.0006061884669479606	0.009047819971870605	0.06905766526019691	0.01100773558368495	0.009845288326300985	0.4641350210970464	0.02686357243319269	0.5270182841068917	0.013389592123769339	24.5
0.0001779184247538678	0.035161744022503515	0.007215189873417721	0.0	0.0006371308016877638	0.009510548523206751	0.061040787623066105	0.011224894514767932	0.011251758087201125	0.39943741209563993	0.02770745428973277	0.5563713080168776	0.013361462728551337	25.0
0.006116441631504923	0.0	0.025457102672292547	0.0	0.0008157524613220815	0.008673699015471168	0.11814345991561181	0.004266385372714486	0.03375527426160337	0.9367088607594937	0.02841068917018284	0.5582278481012658	0.02291139240506329	19.9
0.019761884669479608	0.0	0.025457102672292547	0.0	0.0008396624472573839	0.009362869198312236	0.14064697609001406	0.002148382559774965	0.03375527426160337	0.9367088607594937	0.02841068917018284	0.049296765119549925	0.029845288326300984	17.2
0.000269845288326301	0.0	0.010379746835443038	0.0	0.0006933895921237694	0.009045007032348805	0.020675105485232066	0.007617299578059071	0.007032348804500703	0.40365682137834036	0.02756680731364276	0.5536990154711674	0.007144866385372714	24.6
0.011533867791842477	0.0	0.025457102672292547	0.0	0.0010028129395218003	0.008348804500703235	0.11293952180028129	0.00390886075949367	0.03375527426160337	0.9367088607594937	0.02841068917018284	0.004922644163150493	0.023825597749648385	13.5
4.0773558368495074e-05	0.05625879043600562	0.0017580872011251757	0.0	0.0006033755274261603	0.009759493670886077	0.04852320675105485	0.012365822784810125	0.0014064697609001407	0.4711673699015471	0.02770745428973277	0.5483122362869198	0.008284106891701828	26.6
0.0001618002812939522	0.0	0.0040646976090014065	0.0	0.0006258790436005626	0.008668073136427567	0.09789029535864978	0.004915893108298172	0.0028129395218002813	0.3881856540084388	0.02531645569620253	0.5510970464135021	0.015949367088607596	21.4
6.668073136427567e-05	0.0	0.016779184247538676	0.0	0.0008059071729957805	0.008481012658227849	0.11364275668073136	0.003523206751054852	0.0014064697609001407	0.38396624472573837	0.029535864978902954	0.5582278481012658	0.011082981715893107	11.9
0.0001918706047819972	0.0	0.01489451476793249	0.0	0.0006877637130801688	0.008285513361462729	0.031364275668073135	0.005549085794655415	0.005625879043600563	0.38959212376933894	0.026160337552742618	0.5582278481012658	0.015288326300984527	22.6
0.0021045288326300986	0.0	0.02753867791842475	0.0	0.0012250351617440224	0.00760056258790436	0.14064697609001406	0.0022385372714486635	0.007032348804500703	0.5668073136427567	0.020675105485232066	0.4804500703234881	0.018677918424753866	19.6
0.05840956399437412	0.0	0.025457102672292547	0.0	0.0009746835443037974	0.007779184247538678	0.12011251758087202	0.002260759493670886	0.03375527426160337	0.9367088607594937	0.02841068917018284	0.4633755274261603	0.03850914205344585	8.5
0.0001159493670886076	0.04219409282700422	0.006933895921237693	0.0	0.0006019690576652602	0.009115330520393811	0.026019690576652602	0.00870590717299578	0.008438818565400843	0.4219409282700422	0.023347398030942337	0.5336286919831223	0.008945147679324895	23.7
0.01901856540084388	0.0	0.025457102672292547	0.0	0.0008874824191279887	0.0054331926863572435	0.14064697609001406	0.0021246132208157524	0.03375527426160337	0.9367088607594937	0.02841068917018284	0.18483825597749648	0.018748241912798874	23.1
0.00030547116736990155	0.0	0.01489451476793249	0.0014064697609001407	0.0006877637130801688	0.008167369901547117	0.07566807313642757	0.005137271448663854	0.005625879043600563	0.38959212376933894	0.026160337552742618	0.549845288326301	0.022545710267229256	22.4
0.00027646976090014064	0.030942334739803096	0.008241912798874824	0.0	0.0006061884669479606	0.008756680731364276	0.11139240506329115	0.011329817158931084	0.009845288326300985	0.4641350210970464	0.02686357243319269	0.5290295358649789	0.014275668073136428	20.5
7.960618846694796e-05	0.0	0.00479606188466948	0.0	0.0006877637130801688	0.009855133614627285	0.12137834036568214	0.004812517580872012	0.0028129395218002813	0.379746835443038	0.025035161744022504	0.5582278481012658	0.007735583684950774	23.6
0.0010871870604781996	0.0	0.011448663853727146	0.0	0.0007566807313642757	0.009135021097046414	0.1327707454289733	0.006265400843881857	0.005625879043600563	0.4317862165963432	0.029535864978902954	0.5456258790436006	0.0180028129395218	18.4
0.0003120675105485232	0.02812939521800281	0.009789029535864979	0.0014064697609001407	0.0006526019690576653	0.010817158931082982	0.07285513361462728	0.0061413502109704645	0.004219409282700422	0.3136427566807314	0.026160337552742618	0.549606188466948	0.009254571026722926	35.2
2.630098452883263e-05	0.11954992967651196	0.005836849507735584	0.0	0.0006033755274261603	0.009164556962025316	0.038959212376933894	0.01200464135021097	0.005625879043600563	0.4936708860759494	0.025175808720112516	0.5519409282700422	0.008945147679324895	23.1
0.01680886075949367	0.0	0.025457102672292547	0.0	0.0009268635724331927	0.007887482419127989	0.14064697609001406	0.0018075949367088607	0.03375527426160337	0.9367088607594937	0.02841068917018284	0.4670745428973277	0.017060478199718707	27.9
4.649789029535865e-05	0.0	0.00729957805907173	0.0	0.0007243319268635725	0.008521800281293953	0.052461322081575244	0.0067682137834036565	0.007032348804500703	0.3150492264416315	0.02841068917018284	0.5571589310829816	0.011969057665260196	20.6
0.00017942334739803092	0.04219409282700422	0.006933895921237693	0.0	0.0006019690576652602	0.008991561181434599	0.010970464135021096	0.00989521800281294	0.008438818565400843	0.4219409282700422	0.023347398030942337	0.5270182841068917	0.00729957805907173	23.7
5.7848101265822787e-05	0.035161744022503515	0.006835443037974684	0.0	0.0005991561181434599	0.009461322081575246	0.047116736990154715	0.007595921237693389	0.005625879043600563	0.3952180028129395	0.026722925457102673	0.5582278481012658	0.007440225035161744	28.0
0.00014872011251758086	0.0	0.0390154711673699	0.0	0.0008565400843881856	0.00841490857946554	0.1389592123769339	0.0026274261603375527	0.005625879043600563	1.0	0.028270042194092827	0.5486779184247539	0.02541490857946554	13.6
7.555555555555556e-05	0.0	0.019578059071729957	0.0	0.0006146272855133615	0.009210970464135021	0.07172995780590717	0.008383122362869198	0.005625879043600563	0.40646976090014064	0.02250351617440225	0.5525316455696203	0.01039381153305204	27.1
0.0001290857946554149	0.0	0.00569620253164557	0.0	0.0007172995780590718	0.009023909985935302	0.11828410689170182	0.0037219409282700424	0.007032348804500703	0.41631504922644164	0.023347398030942337	0.5562587904360057	0.01271448663853727	23.6
0.006801223628691983	0.0	0.025457102672292547	0.0	0.0008199718706047819	0.00830520393811533	0.07482419127988749	0.004433614627285513	0.03375527426160337	0.9367088607594937	0.02841068917018284	0.5460196905766527	0.01610407876230661	20.6
6.049226441631505e-05	0.11251758087201125	0.0026863572433192687	0.0	0.0005808720112517581	0.007964838255977496	0.030801687763713077	0.014888466947960617	0.005625879043600563	0.469760900140647	0.030942334739803096	0.5383966244725739	0.011322081575246133	18.2
0.0001318987341772152	0.017580872011251757	0.011068917018284108	0.0	0.0007369901547116737	0.008282700421940929	0.05485232067510549	0.007666526019690576	0.007032348804500703	0.43741209563994377	0.021378340365682136	0.5492264416315049	0.02209563994374121	21.7
0.0004955414908579465	0.0	0.03078762306610408	0.0	0.0008776371308016877	0.009077355836849507	0.13839662447257384	0.0026016877637130803	0.005625879043600563	0.6146272855133614	0.02981715893108298	0.5542616033755274	0.02052039381153305	17.1
0.016613642756680733	0.0	0.025457102672292547	0.0	0.0010098452883263009	0.00959774964838256	0.10759493670886076	0.0025232067510548525	0.03375527426160337	0.9367088607594937	0.02841068917018284	0.06814345991561181	0.031983122362869196	8.4
0.00019901547116736988	0.0	0.009718706047819973	0.0	0.0006300984528832631	0.008676511954992966	0.009282700421940928	0.008046272855133615	0.004219409282700422	0.32770745428973275	0.025175808720112516	0.5391983122362869	0.008171589310829817	25.3
0.0033464697609001406	0.0	0.02753867791842475	0.0	0.0012250351617440224	0.008621659634317862	0.14064697609001406	0.0019959212376933896	0.007032348804500703	0.5668073136427567	0.020675105485232066	0.2431926863572433	0.03909985935302391	13.8
0.00015509142053445852	0.035161744022503515	0.007215189873417721	0.0	0.0006371308016877638	0.009080168776371309	0.09535864978902953	0.010162447257383966	0.011251758087201125	0.39943741209563993	0.02770745428973277	0.5582278481012658	0.009465541490857947	22.2
0.00796957805907173	0.0	0.025457102672292547	0.0	0.001040787623066104	0.008746835443037976	0.14064697609001406	0.0028196905766526017	0.03375527426160337	0.9367088607594937	0.02841068917018284	0.5565260196905767	0.023333333333333334	18.4
0.00012749648382559775	0.02812939521800281	0.009789029535864979	0.0014064697609001407	0.0006526019690576653	0.008326300984528832	0.08649789029535865	0.0055098452883263005	0.004219409282700422	0.3136427566807314	0.026160337552742618	0.550407876230661	0.01919831223628692	20.7
0.00058	0.0	0.008720112517580873	0.0	0.0007088607594936709	0.010074542897327707	0.11237693389592125	0.004522784810126582	0.011251758087201125	0.4317862165963432	0.024472573839662445	0.5233192686357243	0.008945147679324895	31.6
9.720112517580873e-05	0.06329113924050633	0.004838255977496484	0.0	0.0006146272855133615	0.009478199718706047	0.043319268635724335	0.009113642756680732	0.007032348804500703	0.559774964838256	0.021378340365682136	0.5481153305203937	0.00659634317862166	30.5
0.0001179606188466948	0.0	0.018045007032348806	0.0	0.0006146272855133615	0.008261603375527426	0.05147679324894515	0.0063327707454289735	0.007032348804500703	0.559774964838256	0.02630098452883263	0.5570464135021097	0.01279887482419128	20.3
0.028248804500703235	0.0	0.025457102672292547	0.0	0.0009845288326300985	0.006143459915611815	0.12827004219409283	0.0020246132208157526	0.03375527426160337	0.9367088607594937	0.02841068917018284	0.40201125175808716	0.04308016877637131	8.8
0.00021234880450070323	0.0	0.014078762306610407	0.0	0.000769338959212377	0.008468354430379747	0.11617440225035161	0.0038641350210970463	0.008438818565400843	0.6075949367088608	0.025035161744022504	0.5548663853727145	0.01448663853727145	19.2
0.00036805907172995776	0.0	0.013924050632911394	0.0	0.0007651195499296765	0.008471167369901547	0.12714486638537273	0.003985935302390999	0.005625879043600563	0.42756680731364277	0.025879043600562587	0.5573839662447257	0.01648382559774965	19.4
0.0005654289732770745	0.0	0.013924050632911394	0.0	0.0007651195499296765	0.008976090014064696	0.09451476793248946	0.004968354430379747	0.005625879043600563	0.42756680731364277	0.025879043600562587	0.5558509142053446	0.014571026722925456	23.1
0.00016068917018284106	0.0	0.019535864978902955	0.0014064697609001407	0.0007735583684950774	0.008963431786216596	0.129957805907173	0.004730379746835443	0.007032348804500703	0.3881856540084388	0.023066104078762306	0.5537834036568214	0.014767932489451477	23.0
0.0013442616033755275	0.0	0.011448663853727146	0.0	0.0007566807313642757	0.00850492264416315	0.12489451476793248	0.006263572433192687	0.005625879043600563	0.4317862165963432	0.029535864978902954	0.4309142053445851	0.024303797468354434	14.8
0.0007315611814345993	0.02812939521800281	0.005583684950773559	0.0	0.0009099859353023911	0.01181153305203938	0.12869198312236288	0.003218706047819972	0.007032348804500703	0.37130801687763715	0.01828410689170183	0.5441068917018285	0.008312236286919832	48.8
0.00011880450070323489	0.0	0.00569620253164557	0.0	0.0007172995780590718	0.008240506329113923	0.09662447257383967	0.0038001406469760904	0.007032348804500703	0.41631504922644164	0.023347398030942337	0.5530661040787623	0.013558368495077357	22.6
0.00010552742616033755	0.046413502109704644	0.0030661040787623066	0.0	0.0006638537271448664	0.010436005625879043	0.10112517580872012	0.004358931082981716	0.009845288326300985	0.31223628691983124	0.025879043600562587	0.5582278481012658	0.009099859353023909	33.4
0.00042075949367088606	0.02812939521800281	0.009789029535864979	0.0	0.0006526019690576653	0.008236286919831224	0.05921237693389592	0.006229254571026723	0.004219409282700422	0.3136427566807314	0.026160337552742618	0.5466244725738396	0.01828410689170183	21.1
0.001760604781997187	0.0	0.011448663853727146	0.0	0.0007566807313642757	0.007834036568213784	0.13797468354430378	0.005341631504922644	0.005625879043600563	0.4317862165963432	0.029535864978902954	0.529634317862166	0.029563994374120956	13.6
1.2742616033755275e-05	0.12658227848101267	0.004177215189873418	0.0	0.0005625879043600563	0.009969057665260198	0.029254571026722926	0.010277496483825596	0.0014064697609001407	0.4008438818565401	0.021518987341772152	0.5551617440225035	0.011040787623066104	32.2
0.0332604781997187	0.0	0.025457102672292547	0.0	0.0009437412095639944	0.008973277074542898	0.13530239099859354	0.0019495077355836852	0.03375527426160337	0.9367088607594937	0.02841068917018284	0.5582278481012658	0.03331926863572433	13.1
7.0056258790436e-05	0.029535864978902954	0.007932489451476793	0.0	0.0006174402250351618	0.008436005625879045	0.03009845288326301	0.009584669479606189	0.005625879043600563	0.34177215189873417	0.023628691983122365	0.5582278481012658	0.011856540084388184	23.4
9.025316455696203e-05	0.0	0.008382559774964838	0.0	0.0007018284106891702	0.008344585091420534	0.0959212376933896	0.004726160337552743	0.007032348804500703	0.3924050632911392	0.0270042194092827	0.5582278481012658	0.013614627285513362	18.9
6.275668073136427e-05	0.035161744022503515	0.006835443037974684	0.0	0.0005991561181434599	0.009309423347398031	0.0990154711673699	0.007595921237693389	0.005625879043600563	0.3952180028129395	0.026722925457102673	0.5564416315049227	0.010154711673699015	23.9
0.003909620253164557	0.0	0.02753867791842475	0.0	0.0012250351617440224	0.006895921237693389	0.13755274261603376	0.0018929676511954994	0.007032348804500703	0.5668073136427567	0.020675105485232066	0.5582278481012658	0.041195499296765116	11.8
0.00013012658227848101	0.04219409282700422	0.006933895921237693	0.0	0.0006019690576652602	0.009291139240506329	0.05935302390998594	0.00870590717299578	0.008438818565400843	0.4219409282700422	0.023347398030942337	0.5397749648382559	0.010365682137834037	23.3
0.001071195499296765	0.02812939521800281	0.005583684950773559	0.0	0.0009099859353023911	0.007819971870604781	0.08832630098452883	0.0027939521800281293	0.007032348804500703	0.37130801687763715	0.01828410689170183	0.5518987341772151	0.014697609001406469	22.8
0.0011983684950773558	0.0	0.011448663853727146	0.0	0.0007566807313642757	0.008389592123769338	0.12545710267229254	0.005643178621659634	0.005625879043600563	0.4317862165963432	0.029535864978902954	0.5520815752461322	0.019451476793248944	19.6
0.006851490857946554	0.0	0.025457102672292547	0.0	0.0008635724331926863	0.009119549929676512	0.13164556962025314	0.003242334739803094	0.03375527426160337	0.9367088607594937	0.02841068917018284	0.5572573839662447	0.026272855133614628	16.7
0.009448270042194092	0.0	0.025457102672292547	0.0	0.0010028129395218003	0.009492264416315049	0.130239099859353	0.0032680731364275665	0.03375527426160337	0.9367088607594937	0.02841068917018284	0.000450070323488045	0.024528832630098453	13.4
0.0003390014064697609	0.0	0.010379746835443038	0.0	0.0006933895921237694	0.008555555555555556	0.06146272855133615	0.007617299578059071	0.007032348804500703	0.40365682137834036	0.02756680731364276	0.5582278481012658	0.017988748241912798	22.2
0.00018365682137834038	0.0	0.014078762306610407	0.0	0.000769338959212377	0.008258790436005626	0.10281293952180028	0.0034845288326300983	0.008438818565400843	0.6075949367088608	0.025035161744022504	0.4762728551336146	0.021617440225035162	20.4
0.00024375527426160338	0.0	0.013628691983122361	0.0	0.0008227848101265823	0.008026722925457102	0.0759493670886076	0.003349789029535865	0.008438818565400843	0.549929676511955	0.0270042194092827	0.5582278481012658	0.01689170182841069	21.8
0.00011684950773558369	0.0	0.0034599156118143458	0.0	0.0006863572433192687	0.007881856540084388	0.12630098452883262	0.00420239099859353	0.004219409282700422	0.2714486638537271	0.025035161744022504	0.549929676511955	0.019662447257383968	26.4
0.013380632911392404	0.0	0.025457102672292547	0.0	0.0010028129395218003	0.009462728551336145	0.13234880450070322	0.0035106891701828413	0.03375527426160337	0.9367088607594937	0.02841068917018284	0.00939521800281294	0.026315049226441633	14.9
0.00011181434599156118	0.08438818565400844	0.0023769338959212377	0.0	0.0005780590717299578	0.009253164556962025	0.05049226441631505	0.015063713080168777	0.005625879043600563	0.5780590717299579	0.025738396624472575	0.5214908579465541	0.007721518987341773	24.1
0.003235443037974683	0.0	0.02753867791842475	0.0	0.0008509142053445851	0.008887482419127988	0.1351617440225035	0.0029535864978902956	0.007032348804500703	0.5668073136427567	0.020675105485232066	0.4178481012658227	0.01561181434599156	23.8
0.011241181434599155	0.0	0.025457102672292547	0.0	0.0009845288326300985	0.0077637130801687755	0.14064697609001406	0.0021562587904360056	0.03375527426160337	0.9367088607594937	0.02841068917018284	0.5582278481012658	0.034542897327707454	12.3
0.00011220815752461322	0.05625879043600562	0.009015471167369902	0.0	0.0006286919831223628	0.009116736990154712	0.04514767932489452	0.005823206751054852	0.005625879043600563	0.35724331926863573	0.024753867791842476	0.5582278481012658	0.010112517580872012	29.1
0.00011271448663853728	0.0	0.008382559774964838	0.0	0.0007018284106891702	0.008227848101265822	0.058368495077355836	0.005533333333333334	0.007032348804500703	0.3924050632911392	0.0270042194092827	0.5582278481012658	0.012334739803094233	21.0
0.00018652601969057663	0.0	0.012039381153305205	0.0	0.0007313642756680732	0.008229254571026723	0.1360056258790436	0.002963291139240506	0.007032348804500703	0.540084388185654	0.029395218002812938	0.5542194092827004	0.023164556962025316	19.5
0.0020042475386779185	0.0	0.02753867791842475	0.0	0.0012250351617440224	0.009156118143459915	0.14064697609001406	0.0024836849507735583	0.007032348804500703	0.5668073136427567	0.020675105485232066	0.5123909985935302	0.01039381153305204	23.3
0.0005192686357243319	0.0	0.013924050632911394	0.0	0.0007651195499296765	0.009236286919831223	0.12278481012658228	0.0050665260196905764	0.005625879043600563	0.42756680731364277	0.025879043600562587	0.5565260196905767	0.013052039381153305	23.8
0.011600689170182841	0.0	0.025457102672292547	0.0	0.0010028129395218003	0.010398030942334739	0.13966244725738397	0.003449648382559775	0.03375527426160337	0.9367088607594937	0.02841068917018284	0.5286497890295359	0.02354430379746835	17.8
0.011465175808720113	0.0	0.025457102672292547	0.0	0.0009845288326300985	0.007580872011251758	0.1390998593530239	0.002430520393811533	0.03375527426160337	0.9367088607594937	0.02841068917018284	0.5582278481012658	0.029324894514767934	11.5
0.00022329113924050636	0.0	0.015203938115330521	0.0	0.0005808720112517581	0.00838396624472574	0.02461322081575246	0.0074364275668073136	0.005625879043600563	0.4289732770745429	0.0270042194092827	0.530154711673699	0.013895921237693391	21.7
0.0008824050632911392	0.0	0.011448663853727146	0.0	0.0007566807313642757	0.00820534458509142	0.07946554149085795	0.006327144866385372	0.005625879043600563	0.4317862165963432	0.029535864978902954	0.5564275668073136	0.011912798874824193	19.9
0.006388073136427567	0.0	0.025457102672292547	0.0	0.0010829817158931083	0.0089985935302391	0.12376933895921238	0.0035417721518987344	0.03375527426160337	0.9367088607594937	0.02841068917018284	0.5268073136427567	0.010956399437412096	25.0
4.5527426160337555e-05	0.0	0.0030661040787623066	0.0	0.0006441631504922645	0.009842475386779185	0.06441631504922644	0.008526300984528832	0.004219409282700422	0.31223628691983124	0.02630098452883263	0.5550351617440225	0.0041350210970464134	33.4
4.925457102672293e-05	0.11251758087201125	0.006962025316455697	0.0	0.0005780590717299578	0.009649789029535864	0.039240506329113925	0.007196483825597749	0.005625879043600563	0.34458509142053445	0.0270042194092827	0.5582278481012658	0.0046835443037974685	28.5
0.01102576652601969	0.0	0.025457102672292547	0.0	0.0009212376933895922	0.008732770745428973	0.09198312236286921	0.004167932489451477	0.03375527426160337	0.9367088607594937	0.02841068917018284	0.5582278481012658	0.018593530239099862	21.4
0.0018886638537271448	0.0	0.02753867791842475	0.0	0.0008509142053445851	0.008531645569620253	0.14064697609001406	0.0024715893108298173	0.007032348804500703	0.5668073136427567	0.020675105485232066	0.49773558368495074	0.009043600562587904	24.3
0.006407693389592123	0.0	0.025457102672292547	0.0	0.0010098452883263009	0.005008438818565401	0.12362869198312237	0.002268917018284107	0.03375527426160337	0.9367088607594937	0.02841068917018284	0.4988748241912799	0.010014064697609001	27.5
0.00014064697609001407	0.04781997187060478	0.008565400843881856	0.0	0.0006090014064697609	0.009819971870604783	0.024894514767932488	0.007723909985935302	0.009845288326300985	0.46272855133614627	0.022644163150492266	0.5491279887482419	0.006835443037974684	33.1
0.0003644866385372714	0.0	0.03078762306610408	0.0	0.0008776371308016877	0.0080070323488045	0.1350210970464135	0.0025151898734177215	0.005625879043600563	0.6146272855133614	0.02981715893108298	0.5514908579465542	0.02417721518987342	16.2
6.413502109704641e-05	0.0	0.019535864978902955	0.0014064697609001407	0.0007735583684950774	0.008281293952180028	0.07876230661040788	0.004377074542897328	0.007032348804500703	0.3881856540084388	0.023066104078762306	0.5524613220815753	0.0190014064697609	23.3
0.0004662025316455696	0.0	0.008720112517580873	0.0	0.0007130801687763713	0.01159915611814346	0.0990154711673699	0.005136286919831224	0.011251758087201125	0.4317862165963432	0.024472573839662445	0.5329817158931083	0.005555555555555556	48.3
5.911392405063291e-05	0.03938115330520394	0.021153305203938114	0.0	0.0006526019690576653	0.009060478199718707	0.07538677918424753	0.005155977496483826	0.005625879043600563	0.379746835443038	0.02559774964838256	0.5555696202531646	0.011476793248945148	22.9
0.0006933614627285513	0.0	0.013924050632911394	0.0	0.0007651195499296765	0.009331926863572433	0.1160337552742616	0.0046659634317862166	0.005625879043600563	0.42756680731364277	0.025879043600562587	0.5582278481012658	0.0063853727144866385	22.8
0.0034411814345991563	0.0	0.02753867791842475	0.0	0.0012250351617440224	0.007414908579465542	0.13220815752461323	0.0024421940928270043	0.007032348804500703	0.5668073136427567	0.020675105485232066	0.12465541490857945	0.02270042194092827	13.1
0.006566568213783403	0.0	0.025457102672292547	0.0	0.0010028129395218003	0.00840506329113924	0.12362869198312237	0.003629535864978903	0.03375527426160337	0.9367088607594937	0.02841068917018284	0.014739803094233474	0.026736990154711676	12.7
0.005993403656821378	0.0	0.025457102672292547	0.0	0.0010829817158931083	0.00859634317862166	0.11434599156118143	0.003528973277074543	0.03375527426160337	0.9367088607594937	0.02841068917018284	0.549563994374121	0.017819971870604783	22.6
0.02757960618846695	0.0	0.025457102672292547	0.0	0.0009437412095639944	0.010285513361462727	0.13769338959212377	0.0018513361462728552	0.03375527426160337	0.9367088607594937	0.02841068917018284	0.5582278481012658	0.01890295358649789	15.0
0.0015845007032348802	0.0	0.02753867791842475	0.0014064697609001407	0.0012250351617440224	0.007049226441631504	0.12376933895921238	0.0022646976090014066	0.007032348804500703	0.5668073136427567	0.020675105485232066	0.48281293952180027	0.017046413502109704	15.3
0.03430914205344585	0.0	0.025457102672292547	0.0	0.0009845288326300985	0.006542897327707455	0.14064697609001406	0.0020635724331926866	0.03375527426160337	0.9367088607594937	0.02841068917018284	0.5582278481012658	0.03977496483825598	10.5
0.00046476793248945153	0.0	0.008720112517580873	0.0	0.0007130801687763713	0.008559774964838257	0.08649789029535865	0.005136286919831224	0.011251758087201125	0.4317862165963432	0.024472573839662445	0.529887482419128	0.015302390998593532	24.0
0.000200154711673699	0.0	0.014078762306610407	0.0	0.000769338959212377	0.00879606188466948	0.11842475386779185	0.003173699015471167	0.008438818565400843	0.6075949367088608	0.025035161744022504	0.5467510548523207	0.014697609001406469	18.5
0.0005734317862165964	0.0	0.008720112517580873	0.0014064697609001407	0.0007130801687763713	0.008669479606188467	0.12841068917018283	0.004286919831223629	0.011251758087201125	0.4317862165963432	0.024472573839662445	0.5558931082981716	0.03018284106891702	21.7
4.8199718706047825e-05	0.0	0.00729957805907173	0.0	0.0007243319268635725	0.008254571026722925	0.0651195499296765	0.007357383966244725	0.007032348804500703	0.3150492264416315	0.02841068917018284	0.5582278481012658	0.01378340365682138	19.5
0.00014724331926863573	0.05625879043600562	0.009015471167369902	0.0014064697609001407	0.0006286919831223628	0.010220815752461322	0.06891701828410689	0.0067330520393811535	0.005625879043600563	0.35724331926863573	0.024753867791842476	0.5474683544303798	0.008509142053445851	33.2
0.0074445147679324895	0.0	0.025457102672292547	0.0	0.0009845288326300985	0.008510548523206752	0.1160337552742616	0.0030489451476793253	0.03375527426160337	0.9367088607594937	0.02841068917018284	0.5321800281293952	0.02638537271448664	23.2
0.05394064697609001	0.0	0.025457102672292547	0.0	0.0009746835443037974	0.007669479606188467	0.14064697609001406	0.0020950773558368494	0.03375527426160337	0.9367088607594937	0.02841068917018284	0.5582278481012658	0.043023909985935305	5.0
0.02190675105485232	0.0	0.025457102672292547	0.0	0.0008157524613220815	0.008334739803094234	0.09985935302390998	0.004090576652601969	0.03375527426160337	0.9367088607594937	0.02841068917018284	0.5186216596343178	0.02549929676511955	19.1
0.0015904500703234881	0.0	0.011448663853727146	0.0	0.0007566807313642757	0.008035161744022504	0.13234880450070322	0.005953586497890295	0.005625879043600563	0.4317862165963432	0.029535864978902954	0.5065682137834037	0.03178621659634318	12.7
0.003445189873417722	0.0	0.02753867791842475	0.0	0.0008509142053445851	0.0090042194092827	0.1338959212376934	0.0031821378340365684	0.007032348804500703	0.5668073136427567	0.020675105485232066	0.46419127988748243	0.015921237693389594	22.3
0.025128973277074546	0.0	0.025457102672292547	0.0	0.0009437412095639944	0.008752461322081575	0.14064697609001406	0.0019495077355836852	0.03375527426160337	0.9367088607594937	0.02841068917018284	0.5537834036568214	0.030632911392405066	10.2
0.02150210970464135	0.0	0.025457102672292547	0.0	0.0009437412095639944	0.009351617440225035	0.13122362869198312	0.001891561181434599	0.03375527426160337	0.9367088607594937	0.02841068917018284	0.510576652601969	0.03268635724331927	13.9
0.04030351617440225	0.0	0.025457102672292547	0.0	0.0008396624472573839	0.007250351617440225	0.14064697609001406	0.0022354430379746834	0.03375527426160337	0.9367088607594937	0.02841068917018284	0.29672292545710266	0.02824191279887482	16.3
0.0019885372714486638	0.0	0.02753867791842475	0.0014064697609001407	0.0012250351617440224	0.008620253164556961	0.1350210970464135	0.0024604781997187063	0.007032348804500703	0.5668073136427567	0.020675105485232066	0.45150492264416314	0.021265822784810127	17.0
0.00014925457102672293	0.04219409282700422	0.006933895921237693	0.0	0.0006019690576652602	0.008572433192686357	0.09156118143459915	0.00891153305203938	0.008438818565400843	0.4219409282700422	0.023347398030942337	0.5550210970464136	0.017440225035161745	20.1
9.341772151898736e-05	0.0	0.00569620253164557	0.0	0.0007172995780590718	0.009648382559774965	0.10464135021097047	0.004100281293952179	0.007032348804500703	0.41631504922644164	0.023347398030942337	0.550309423347398	0.009732770745428974	29.9
0.010413347398030941	0.0	0.025457102672292547	0.0	0.0008396624472573839	0.00790014064697609	0.13769338959212377	0.0020459915611814347	0.03375527426160337	0.9367088607594937	0.02841068917018284	0.4425316455696202	0.03713080168776371	17.2
0.00011091420534458509	0.11251758087201125	0.006962025316455697	0.0	0.0005780590717299578	0.010053445850914205	0.038959212376933894	0.007196483825597749	0.005625879043600563	0.34458509142053445	0.0270042194092827	0.5582278481012658	0.005007032348804501	37.3
5.032348804500703e-05	0.02812939521800281	0.0046835443037974685	0.0	0.0006229254571026723	0.0109985935302391	0.09071729957805907	0.00660295358649789	0.007032348804500703	0.3037974683544304	0.020956399437412097	0.5447398030942335	0.005288326300984528	45.4
0.0032784669479606187	0.0	0.02753867791842475	0.0	0.0012250351617440224	0.007293952180028129	0.1319268635724332	0.002151336146272855	0.007032348804500703	0.5668073136427567	0.020675105485232066	0.5020956399437412	0.039831223628691986	17.8
9.876230661040788e-05	0.0	0.00569620253164557	0.0	0.0007172995780590718	0.008466947960618846	0.06638537271448665	0.00499985935302391	0.007032348804500703	0.41631504922644164	0.023347398030942337	0.5530661040787623	0.014219409282700421	23.2
7.821378340365682e-05	0.09845288326300984	0.003150492264416315	0.0	0.0005625879043600563	0.009902953586497891	0.014064697609001406	0.011009563994374121	0.007032348804500703	0.5035161744022504	0.02081575246132208	0.5226160337552742	0.006666666666666667	29.0
5.530239099859353e-05	0.0	0.00479606188466948	0.0	0.0006877637130801688	0.009008438818565402	0.1039381153305204	0.004348945147679324	0.0028129395218002813	0.379746835443038	0.025035161744022504	0.5535161744022503	0.011533052039381153	22.0
0.00045770745428973274	0.0	0.03078762306610408	0.0	0.0008776371308016877	0.009045007032348805	0.1389592123769339	0.0025492264416315047	0.005625879043600563	0.6146272855133614	0.02981715893108298	0.5582278481012658	0.021645569620253165	18.0
0.0016981997187060476	0.0	0.02753867791842475	0.0	0.0008509142053445851	0.008263009845288327	0.1330520393811533	0.0034119549929676513	0.007032348804500703	0.5668073136427567	0.020675105485232066	0.41109704641350214	0.020295358649789028	17.4
5.29957805907173e-05	0.11251758087201125	0.0021378340365682136	0.0	0.0005682137834036569	0.010230661040787624	0.05386779184247538	0.010279887482419129	0.0028129395218002813	0.46272855133614627	0.017721518987341773	0.5516174402250351	0.00931082981715893	34.6
2.7637130801687766e-05	0.11251758087201125	0.0024753867791842475	0.0	0.0005414908579465541	0.008762306610407876	0.04430379746835443	0.012783684950773559	0.0014064697609001407	0.3389592123769339	0.02559774964838256	0.4804500703234881	0.018185654008438818	20.1
4.0436005625879046e-05	0.03938115330520394	0.021153305203938114	0.0	0.0006526019690576653	0.008735583684950775	0.04064697609001406	0.005155977496483826	0.005625879043600563	0.379746835443038	0.02559774964838256	0.5574261603375528	0.008734177215189874	25.0
0.0049718846694796065	0.0	0.02753867791842475	0.0014064697609001407	0.0012250351617440224	0.008652601969057665	0.11617440225035161	0.0024549929676511957	0.007032348804500703	0.5668073136427567	0.020675105485232066	0.12378340365682139	0.02112517580872011	15.6
5.1462728551336145e-05	0.035161744022503515	0.006835443037974684	0.0	0.0005991561181434599	0.008863572433192685	0.04528832630098453	0.007595921237693389	0.005625879043600563	0.3952180028129395	0.026722925457102673	0.5582278481012658	0.009451476793248944	24.8
6.936708860759494e-05	0.046413502109704644	0.0030661040787623066	0.0	0.0006638537271448664	0.009632911392405064	0.09887482419127988	0.0044763713080168775	0.009845288326300985	0.31223628691983124	0.025879043600562587	0.5582278481012658	0.01059071729957806	28.2
0.00516690576652602	0.0	0.025457102672292547	0.0	0.0008199718706047819	0.008877637130801688	0.07299578059071729	0.005614205344585091	0.03375527426160337	0.9367088607594937	0.02841068917018284	0.5465822784810127	0.014880450070323488	21.2
0.00013378340365682138	0.0	0.018045007032348806	0.0	0.0006146272855133615	0.008841068917018283	0.06329113924050633	0.0063327707454289735	0.007032348804500703	0.559774964838256	0.02630098452883263	0.5390014064697609	0.012573839662447257	21.4
0.00023572433192686358	0.0	0.010379746835443038	0.0	0.0006933895921237694	0.009037974683544303	0.07355836849507735	0.006385935302390998	0.007032348804500703	0.40365682137834036	0.02756680731364276	0.5582278481012658	0.010126582278481013	23.8
0.00116070323488045	0.02812939521800281	0.005583684950773559	0.0	0.0009099859353023911	0.01030520393811533	0.13291139240506328	0.002923769338959213	0.007032348804500703	0.37130801687763715	0.01828410689170183	0.5533333333333333	0.015822784810126583	31.0
0.00026825597749648383	0.030942334739803096	0.008241912798874824	0.0	0.0006061884669479606	0.009448663853727144	0.02461322081575246	0.01100773558368495	0.009845288326300985	0.4641350210970464	0.02686357243319269	0.5537834036568214	0.009226441631504921	26.2
0.00019063291139240505	0.017580872011251757	0.008537271448663853	0.0	0.0005752461322081575	0.007867791842475387	0.05175808720112517	0.009139240506329114	0.005625879043600563	0.48523206751054854	0.026582278481012658	0.5582278481012658	0.01841068917018284	17.4
0.00012803094233473981	0.0	0.0034599156118143458	0.0	0.0006863572433192687	0.010063291139240507	0.12967651195499297	0.00379831223628692	0.004219409282700422	0.2714486638537271	0.025035161744022504	0.5543178621659635	0.0067791842475386785	37.9
0.0011029535864978902	0.0	0.011448663853727146	0.0	0.0007566807313642757	0.008424753867791842	0.11490857946554149	0.005988607594936709	0.005625879043600563	0.4317862165963432	0.029535864978902954	0.5439521800281294	0.020632911392405064	17.5
0.0006128129395218002	0.0	0.01489451476793249	0.0014064697609001407	0.0006877637130801688	0.007516174402250352	0.14064697609001406	0.005450070323488045	0.005625879043600563	0.38959212376933894	0.026160337552742618	0.5582278481012658	0.03247538677918425	20.0
0.034882841068917016	0.0	0.025457102672292547	0.0	0.0009746835443037974	0.007523206751054853	0.1350210970464135	0.0023949367088607594	0.03375527426160337	0.9367088607594937	0.02841068917018284	0.5582278481012658	0.02780590717299578	8.3
3.576652601969058e-05	0.07735583684950774	0.005316455696202532	0.0	0.0006807313642756681	0.009417721518987341	0.07932489451476793	0.008062025316455695	0.007032348804500703	0.5203938115330521	0.024753867791842476	0.5582278481012658	0.010098452883263009	23.9
0.019237834036568216	0.0	0.025457102672292547	0.0	0.001040787623066104	0.008347398030942334	0.12362869198312237	0.002560618846694796	0.03375527426160337	0.9367088607594937	0.02841068917018284	0.0969760900140647	0.04784810126582279	8.4
0.015623206751054853	0.0	0.025457102672292547	0.0	0.000939521800281294	0.00690014064697609	0.14064697609001406	0.001651476793248945	0.03375527426160337	0.9367088607594937	0.02841068917018284	0.5582278481012658	0.0489029535864979	13.8
0.023645288326300987	0.0	0.025457102672292547	0.0	0.0009845288326300985	0.0074219409282700426	0.13797468354430378	0.0020057665260196905	0.03375527426160337	0.9367088607594937	0.02841068917018284	0.5582278481012658	0.043333333333333335	7.2
0.019568776371308015	0.0	0.025457102672292547	0.0	0.0010028129395218003	0.008731364275668074	0.13361462728551335	0.0031254571026722924	0.03375527426160337	0.9367088607594937	0.02841068917018284	0.14153305203938116	0.021336146272855135	11.7
0.013676765119549931	0.0	0.025457102672292547	0.0	0.001040787623066104	0.009009845288326301	0.13670886075949368	0.002904500703234881	0.03375527426160337	0.9367088607594937	0.02841068917018284	0.5428410689170182	0.027454289732770743	17.1
0.0003788748241912799	0.0	0.013924050632911394	0.0	0.0007651195499296765	0.00881293952180028	0.11645569620253164	0.004589029535864979	0.005625879043600563	0.42756680731364277	0.025879043600562587	0.5532911392405063	0.011111111111111112	21.6
0.012984950773558369	0.0	0.025457102672292547	0.0	0.0008874824191279887	0.008742616033755275	0.14064697609001406	0.0016443037974683545	0.03375527426160337	0.9367088607594937	0.02841068917018284	0.5149789029535865	0.01340365682137834	50.0
0.00906336146272855	0.0	0.025457102672292547	0.0	0.0008213783403656821	0.009036568213783404	0.10520393811533052	0.0030947960618846696	0.03375527426160337	0.9367088607594937	0.02841068917018284	0.13776371308016877	0.01691983122362869	16.1
0.00018448663853727146	0.0	0.012039381153305205	0.0	0.0007313642756680732	0.008617440225035161	0.11983122362869199	0.0029850914205344584	0.007032348804500703	0.540084388185654	0.029395218002812938	0.5452742616033756	0.019817158931082983	20.4
6.367088607594937e-05	0.0	0.016779184247538676	0.0	0.0008059071729957805	0.008607594936708861	0.1078762306610408	0.003217299578059072	0.0014064697609001407	0.38396624472573837	0.029535864978902954	0.5582278481012658	0.012770745428973277	20.6
0.00023772151898734177	0.0	0.036075949367088606	0.0	0.0008171589310829817	0.008419127988748241	0.12433192686357245	0.00280295358649789	0.0028129395218002813	0.26441631504922647	0.02686357243319269	0.5415189873417722	0.020829817158931084	21.4
6.039381153305204e-05	0.03938115330520394	0.021153305203938114	0.0	0.0006526019690576653	0.008789029535864978	0.10872011251758087	0.005084388185654009	0.005625879043600563	0.379746835443038	0.02559774964838256	0.5582278481012658	0.01489451476793249	20.6
0.0007736568213783403	0.02812939521800281	0.005583684950773559	0.0	0.0009099859353023911	0.010135021097046414	0.1288326300984529	0.0027146272855133615	0.007032348804500703	0.37130801687763715	0.01828410689170183	0.5455555555555556	0.01139240506329114	36.5
0.010790464135021096	0.0	0.025457102672292547	0.0	0.0009746835443037974	0.008082981715893108	0.1390998593530239	0.0022973277074542896	0.03375527426160337	0.9367088607594937	0.02841068917018284	0.5528832630098454	0.028016877637130806	8.5
6.212376933895921e-05	0.09845288326300984	0.003150492264416315	0.0	0.0005625879043600563	0.009663853727144867	0.06666666666666667	0.011009563994374121	0.007032348804500703	0.5035161744022504	0.02081575246132208	0.549732770745429	0.008537271448663853	24.8
0.018006047819971872	0.0	0.025457102672292547	0.0	0.001040787623066104	0.008233473980309424	0.13586497890295357	0.0026661040787623064	0.03375527426160337	0.9367088607594937	0.02841068917018284	0.33828410689170185	0.03345991561181434	10.8
0.005199648382559775	0.0	0.025457102672292547	0.0	0.0010098452883263009	0.0069803094233473984	0.12855133614627287	0.0024645569620253163	0.03375527426160337	0.9367088607594937	0.02841068917018284	0.4444866385372714	0.01969057665260197	21.9
0.00021150492264416316	0.0	0.036075949367088606	0.0	0.0008171589310829817	0.008236286919831224	0.13642756680731363	0.0027347398030942334	0.0028129395218002813	0.26441631504922647	0.02686357243319269	0.5208298171589311	0.035738396624472576	17.3
1.9127988748241913e-05	0.10548523206751055	0.005625879043600563	0.0	0.0005766526019690576	0.008281293952180028	0.0669479606188467	0.01029493670886076	0.004219409282700422	0.659634317862166	0.02967651195499297	0.5582278481012658	0.02081575246132208	18.9
9.687763713080168e-05	0.0	0.0034599156118143458	0.0	0.0006863572433192687	0.008641350210970464	0.08748241912798875	0.0036538677918424756	0.004219409282700422	0.2714486638537271	0.025035161744022504	0.5582278481012658	0.013291139240506329	36.2
0.008843980309423348	0.0	0.025457102672292547	0.0	0.001040787623066104	0.008918424753867792	0.13558368495077355	0.0029142053445850914	0.03375527426160337	0.9367088607594937	0.02841068917018284	0.4472714486638537	0.0250210970464135	14.9
0.0008972714486638537	0.0	0.011448663853727146	0.0	0.0007566807313642757	0.008573839662447258	0.11884669479606189	0.006275527426160337	0.005625879043600563	0.4317862165963432	0.029535864978902954	0.5344866385372714	0.014430379746835443	18.2
5.641350210970464e-05	0.11251758087201125	0.0021378340365682136	0.0	0.0005682137834036569	0.010248945147679324	0.0479606188466948	0.010279887482419129	0.0028129395218002813	0.46272855133614627	0.017721518987341773	0.5582278481012658	0.005738396624472574	33.3
0.003963966244725738	0.0	0.025457102672292547	0.0	0.0007482419127988749	0.008104078762306609	0.05668073136427566	0.005764135021097046	0.03375527426160337	0.9367088607594937	0.02841068917018284	0.5526300984528832	0.014655414908579465	21.8
0.0001247960618846695	0.029535864978902954	0.007932489451476793	0.0	0.0006174402250351618	0.00838677918424754	0.06427566807313644	0.009584669479606189	0.005625879043600563	0.34177215189873417	0.023628691983122365	0.5563431786216596	0.01891701828410689	19.7
2.0140646976090012e-05	0.14064697609001406	0.0018565400843881857	0.0	0.0005780590717299578	0.009586497890295358	0.056962025316455694	0.011708579465541491	0.007032348804500703	0.360056258790436	0.021237693389592124	0.5526019690576652	0.005555555555555556	31.6
0.0003011111111111111	0.030942334739803096	0.008241912798874824	0.0	0.0006061884669479606	0.009054852320675105	0.012517580872011252	0.01040323488045007	0.009845288326300985	0.4641350210970464	0.02686357243319269	0.5303375527426161	0.005049226441631504	24.8
6.158931082981716e-05	0.11251758087201125	0.004739803094233474	0.0	0.000559774964838256	0.008139240506329113	0.043741209563994375	0.00929887482419128	0.005625879043600563	0.4739803094233474	0.022644163150492266	0.5582278481012658	0.01440225035161744	19.4
0.0001288888888888889	0.0	0.015203938115330521	0.0	0.0005808720112517581	0.008530239099859354	0.010970464135021096	0.0074364275668073136	0.005625879043600563	0.4289732770745429	0.0270042194092827	0.5498030942334741	0.0077637130801687755	22.8
0.015237974683544302	0.0	0.025457102672292547	0.0	0.0009549929676511956	0.009538677918424754	0.12770745428973276	0.0025590717299578056	0.03375527426160337	0.9367088607594937	0.02841068917018284	0.030337552742616035	0.036272855133614626	7.5
0.00044350210970464134	0.0	0.008720112517580873	0.0	0.0007088607594936709	0.011625879043600563	0.110126582278481	0.004070886075949368	0.011251758087201125	0.4317862165963432	0.024472573839662445	0.5415611814345992	0.005822784810126582	44.8
0.00031558368495077354	0.0	0.013628691983122361	0.0	0.0008227848101265823	0.008476793248945147	0.11209563994374121	0.0035136427566807315	0.008438818565400843	0.549929676511955	0.0270042194092827	0.5582278481012658	0.020154711673699015	16.8
0.00031240506329113923	0.0	0.014078762306610407	0.0	0.000769338959212377	0.008568213783403656	0.13417721518987344	0.0035836849507735586	0.008438818565400843	0.6075949367088608	0.025035161744022504	0.5582278481012658	0.024036568213783402	18.7
0.0007411111111111111	0.0	0.008720112517580873	0.0	0.0007088607594936709	0.012271448663853726	0.11673699015471167	0.004070886075949368	0.011251758087201125	0.4317862165963432	0.024472573839662445	0.5372714486638537	0.006511954992967651	50.0
1.9423347398030942e-05	0.11251758087201125	0.0006469760900140647	0.0	0.0005935302390998594	0.011075949367088608	0.0450070323488045	0.007944303797468353	0.005625879043600563	0.35864978902953587	0.020253164556962026	0.5544725738396624	0.004177215189873418	50.0
0.009359943741209563	0.0	0.025457102672292547	0.0	0.0010028129395218003	0.00888466947960619	0.11673699015471167	0.0038458509142053443	0.03375527426160337	0.9367088607594937	0.02841068917018284	0.5582278481012658	0.019676511954992967	19.5
0.00019634317862165965	0.0	0.012039381153305205	0.0	0.0007313642756680732	0.008673699015471168	0.12658227848101267	0.00340506329113924	0.007032348804500703	0.540084388185654	0.029395218002812938	0.5523066104078762	0.017341772151898735	20.1
0.011627637130801689	0.0	0.025457102672292547	0.0014064697609001407	0.000939521800281294	0.008263009845288327	0.1260196905766526	0.0015887482419127989	0.03375527426160337	0.9367088607594937	0.02841068917018284	0.48928270042194094	0.01248945147679325	50.0
8.666666666666667e-05	0.0	0.006174402250351617	0.0	0.0006216596343178622	0.008295358649789029	0.07355836849507735	0.011270886075949367	0.004219409282700422	0.49507735583684953	0.026441631504922646	0.5128129395218003	0.017819971870604783	17.2
0.005173305203938115	0.0	0.025457102672292547	0.0	0.0010829817158931083	0.007541490857946555	0.13530239099859354	0.002958649789029536	0.03375527426160337	0.9367088607594937	0.02841068917018284	0.5355696202531646	0.014331926863572432	20.8
0.00029762306610407876	0.0	0.012039381153305205	0.0	0.0007313642756680732	0.008631504922644162	0.1229254571026723	0.003818143459915612	0.007032348804500703	0.540084388185654	0.029395218002812938	0.5548101265822786	0.01890295358649789	19.3
0.001720928270042194	0.0	0.02753867791842475	0.0	0.0008509142053445851	0.009765119549929676	0.1369901547116737	0.002640365682137834	0.007032348804500703	0.5668073136427567	0.020675105485232066	0.5111533052039381	0.0064556962025316455	41.3
0.0008857383966244726	0.0	0.011448663853727146	0.0	0.0007566807313642757	0.008367088607594936	0.08691983122362869	0.006620956399437412	0.005625879043600563	0.4317862165963432	0.029535864978902954	0.5582278481012658	0.011617440225035162	20.4
6.09985935302391e-05	0.029535864978902954	0.007932489451476793	0.0	0.0006174402250351618	0.00860056258790436	0.08860759493670886	0.009584669479606189	0.005625879043600563	0.34177215189873417	0.023628691983122365	0.5541068917018285	0.013263009845288326	20.5
0.011330225035161744	0.0	0.025457102672292547	0.0	0.0008213783403656821	0.0076329113924050625	0.13417721518987344	0.003417440225035162	0.03375527426160337	0.9367088607594937	0.02841068917018284	0.49589310829817157	0.02551336146272855	13.8
3.513361462728551e-05	0.0	0.002658227848101266	0.0	0.0007285513361462728	0.00919831223628692	0.0839662447257384	0.008814205344585092	0.0014064697609001407	0.5935302390998594	0.022362869198312235	0.5484669479606188	0.012165963431786216	16.5
7.115330520393812e-05	0.0	0.006315049226441632	0.0	0.0006315049226441632	0.008985935302390998	0.06751054852320675	0.006722081575246132	0.004219409282700422	0.34739803094233473	0.026019690576652602	0.5582278481012658	0.013530239099859351	23.9
0.003345386779184247	0.0	0.025457102672292547	0.0	0.0008199718706047819	0.008257383966244727	0.05893108298171589	0.005237693389592124	0.03375527426160337	0.9367088607594937	0.02841068917018284	0.5214205344585092	0.018762306610407876	20.6
0.0006213502109704642	0.0	0.008720112517580873	0.0	0.0007088607594936709	0.00921518987341772	0.03009845288326301	0.004746976090014065	0.011251758087201125	0.4317862165963432	0.024472573839662445	0.5349367088607595	0.005288326300984528	31.5
0.00021722925457102674	0.035161744022503515	0.007215189873417721	0.0	0.0006371308016877638	0.008642756680731363	0.04106891701828411	0.010991279887482419	0.011251758087201125	0.39943741209563993	0.02770745428973277	0.5494796061884669	0.009648382559774965	23.3
0.005938663853727145	0.0	0.025457102672292547	0.0014064697609001407	0.0010829817158931083	0.008161744022503517	0.12517580872011252	0.002678902953586498	0.03375527426160337	0.9367088607594937	0.02841068917018284	0.4965400843881857	0.020590717299578058	16.8
0.0004091420534458509	0.0	0.03078762306610408	0.0	0.0008776371308016877	0.00868354430379747	0.13164556962025314	0.002267088607594937	0.005625879043600563	0.6146272855133614	0.02981715893108298	0.5458227848101266	0.0339803094233474	14.0
0.0007596483825597749	0.02812939521800281	0.005583684950773559	0.0	0.0009099859353023911	0.010130801687763714	0.1150492264416315	0.002970604781997187	0.007032348804500703	0.37130801687763715	0.01828410689170183	0.5524613220815753	0.01348804500703235	33.8
7.756680731364276e-05	0.046413502109704644	0.0030661040787623066	0.0	0.0006638537271448664	0.010177215189873417	0.05780590717299578	0.005656821378340366	0.009845288326300985	0.31223628691983124	0.025879043600562587	0.5536990154711674	0.009746835443037975	36.1
0.013207637130801687	0.0	0.025457102672292547	0.0	0.001040787623066104	0.007914205344585092	0.13206751054852323	0.0025558368495077356	0.03375527426160337	0.9367088607594937	0.02841068917018284	0.5582278481012658	0.032180028129395216	12.8
0.00037746835443037974	0.0	0.013628691983122361	0.0	0.0008227848101265823	0.008149085794655415	0.09929676511954992	0.004068495077355837	0.008438818565400843	0.549929676511955	0.0270042194092827	0.5582278481012658	0.019831223628691982	18.3
0.00021001406469760902	0.035161744022503515	0.007215189873417721	0.0	0.0006371308016877638	0.008074542897327707	0.09310829817158932	0.010162306610407876	0.011251758087201125	0.39943741209563993	0.02770745428973277	0.5557102672292545	0.01849507735583685	18.7
0.006219803094233474	0.0	0.025457102672292547	0.0	0.0008213783403656821	0.008443037974683544	0.13291139240506328	0.003572855133614627	0.03375527426160337	0.9367088607594937	0.02841068917018284	0.4659493670886076	0.029985935302391	19.1
0.000629971870604782	0.0	0.008720112517580873	0.0014064697609001407	0.0007130801687763713	0.009459915611814347	0.09353023909985936	0.005136286919831224	0.011251758087201125	0.4317862165963432	0.024472573839662445	0.5066104078762307	0.011322081575246133	29.0
0.0008645569620253164	0.0	0.008720112517580873	0.0	0.0007130801687763713	0.009308016877637132	0.11364275668073136	0.0046021097046413505	0.011251758087201125	0.4317862165963432	0.024472573839662445	0.5582278481012658	0.010689170182841068	30.1
0.0021364556962025316	0.0	0.02753867791842475	0.0014064697609001407	0.0008509142053445851	0.011779184247538679	0.13206751054852323	0.003040787623066104	0.007032348804500703	0.5668073136427567	0.020675105485232066	0.5463431786216596	0.004669479606188466	50.0
0.00205817158931083	0.0	0.02753867791842475	0.0	0.0008509142053445851	0.010533052039381154	0.12770745428973276	0.0027720112517580875	0.007032348804500703	0.5668073136427567	0.020675105485232066	0.5266244725738397	0.0024331926863572434	50.0
4.974683544303797e-05	0.04781997187060478	0.008565400843881856	0.0	0.0006090014064697609	0.009268635724331927	0.05682137834036568	0.007723909985935302	0.009845288326300985	0.46272855133614627	0.022644163150492266	0.5566104078762306	0.013361462728551337	22.0
0.029136708860759496	0.0	0.025457102672292547	0.0	0.0009268635724331927	0.005819971870604782	0.14064697609001406	0.0016569620253164556	0.03375527426160337	0.9367088607594937	0.02841068917018284	0.5207032348804501	0.03282700421940928	11.9
0.0005374683544303797	0.0	0.008720112517580873	0.0	0.0007088607594936709	0.01130801687763713	0.12165963431786217	0.004522784810126582	0.011251758087201125	0.4317862165963432	0.024472573839662445	0.5448382559774965	0.00440225035161744	37.6
2.111111111111111e-05	0.12658227848101267	0.0017018284106891702	0.0014064697609001407	0.0005639943741209564	0.011143459915611815	0.03488045007032349	0.008277074542897327	0.0014064697609001407	0.27848101265822783	0.01912798874824191	0.5562869198312236	0.0044444444444444444	50.0
0.0031538115330520394	0.0	0.02753867791842475	0.0	0.0008509142053445851	0.008233473980309424	0.1291139240506329	0.0034064697609001407	0.007032348804500703	0.5668073136427567	0.020675105485232066	0.5557102672292545	0.01637130801687764	22.7
0.00012246132208157523	0.0	0.018045007032348806	0.0	0.0006146272855133615	0.008635724331926864	0.06441631504922644	0.005753164556962025	0.007032348804500703	0.559774964838256	0.02630098452883263	0.5442475386779184	0.014444444444444444	20.8
5.0407876230661034e-05	0.11251758087201125	0.004739803094233474	0.0	0.000559774964838256	0.008846694796061885	0.025035161744022504	0.00929887482419128	0.005625879043600563	0.4739803094233474	0.022644163150492266	0.5582278481012658	0.006568213783403657	23.5
5.084388185654008e-05	0.11251758087201125	0.006962025316455697	0.0	0.0005780590717299578	0.009324894514767932	0.032911392405063286	0.007196483825597749	0.005625879043600563	0.34458509142053445	0.0270042194092827	0.5582278481012658	0.006610407876230661	27.9
0.007974655414908579	0.0	0.025457102672292547	0.0014064697609001407	0.0008874824191279887	0.009399437412095639	0.13614627285513362	0.0019081575246132209	0.03375527426160337	0.9367088607594937	0.02841068917018284	0.5278902953586497	0.005246132208157525	50.0
9.306610407876231e-05	0.0	0.004556962025316456	0.0	0.0006469760900140647	0.008253164556962025	0.03628691983122363	0.007334177215189874	0.005625879043600563	0.6047819971870605	0.023769338959212374	0.5378902953586497	0.014022503516174404	19.3
0.00011624472573839663	0.0	0.019578059071729957	0.0	0.0006146272855133615	0.008617440225035161	0.025879043600562587	0.007739381153305204	0.005625879043600563	0.40646976090014064	0.02250351617440225	0.5582278481012658	0.012067510548523206	23.9
9.457102672292545e-05	0.0	0.004556962025316456	0.0	0.0006469760900140647	0.008907172995780591	0.024191279887482417	0.007334177215189874	0.005625879043600563	0.6047819971870605	0.023769338959212374	0.5277215189873418	0.010323488045007032	22.6
0.007652798874824191	0.0	0.025457102672292547	0.0	0.0010028129395218003	0.009360056258790436	0.13811533052039382	0.003312517580872011	0.03375527426160337	0.9367088607594937	0.02841068917018284	0.499704641350211	0.024936708860759493	15.2
0.00015180028129395216	0.0	0.012039381153305205	0.0	0.0007313642756680732	0.008713080168776371	0.07651195499296765	0.0039068917018284105	0.007032348804500703	0.540084388185654	0.029395218002812938	0.5534317862165964	0.01828410689170183	21.7
0.0004782841068917018	0.0	0.03078762306610408	0.0	0.0008776371308016877	0.009082981715893109	0.1390998593530239	0.002979606188466948	0.005625879043600563	0.6146272855133614	0.02981715893108298	0.5556118143459916	0.017721518987341773	19.2
0.00011514767932489451	0.0	0.0040646976090014065	0.0	0.0006258790436005626	0.0109985935302391	0.05189873417721519	0.004915893108298172	0.0028129395218002813	0.3881856540084388	0.02531645569620253	0.5534880450070323	0.005021097046413502	43.8
0.0004914205344585091	0.0	0.013924050632911394	0.0	0.0007651195499296765	0.00839943741209564	0.1078762306610408	0.004363572433192686	0.005625879043600563	0.42756680731364277	0.025879043600562587	0.5572995780590717	0.014022503516174404	20.3
9.648382559774963e-05	0.0	0.0040646976090014065	0.0	0.0006258790436005626	0.010430379746835444	0.08790436005625879	0.004915893108298172	0.0028129395218002813	0.3881856540084388	0.02531645569620253	0.5582278481012658	0.008706047819971871	33.2
0.004449507735583685	0.0	0.025457102672292547	0.0	0.0009212376933895922	0.00809985935302391	0.06779184247538678	0.004312939521800281	0.03375527426160337	0.9367088607594937	0.02841068917018284	0.470323488045007	0.019873417721518988	19.9
0.00035441631504922643	0.0	0.01489451476793249	0.0	0.0006877637130801688	0.008133614627285514	0.10225035161744023	0.006125035161744022	0.005625879043600563	0.38959212376933894	0.026160337552742618	0.5477215189873418	0.02540084388185654	22.5
1.829817158931083e-05	0.04922644163150492	0.0021378340365682136	0.0	0.0006216596343178622	0.010184247538677919	0.06933895921237693	0.0098985935302391	0.0014064697609001407	0.39943741209563993	0.02180028129395218	0.5551898734177215	0.007721518987341773	32.7
0.00015413502109704643	0.0	0.016779184247538676	0.0	0.0008059071729957805	0.009555555555555555	0.12559774964838255	0.003359915611814346	0.0014064697609001407	0.38396624472573837	0.029535864978902954	0.5533755274261604	0.009113924050632912	22.0
7.064697609001406e-05	0.04922644163150492	0.008523206751054852	0.0	0.0006158931082981716	0.008025316455696202	0.03994374120956399	0.009339943741209564	0.0014064697609001407	0.42756680731364277	0.023769338959212374	0.5541772151898734	0.017482419127988747	17.1
0.005309395218002813	0.0	0.025457102672292547	0.0	0.0009212376933895922	0.008371308016877637	0.11912798874824192	0.004038677918424754	0.03375527426160337	0.9367088607594937	0.02841068917018284	0.0309563994374121	0.02412095639943741	19.0
0.00031630098452883264	0.017580872011251757	0.011068917018284108	0.0	0.0007369901547116737	0.008969057665260197	0.13263009845288326	0.008926441631504923	0.007032348804500703	0.43741209563994377	0.021378340365682136	0.5520675105485232	0.028762306610407875	15.0
0.0037067229254571024	0.0	0.013924050632911394	0.0	0.0007651195499296765	0.0069943741209564	0.053164556962025315	0.0035434599156118143	0.005625879043600563	0.42756680731364277	0.025879043600562587	0.49289732770745426	0.017777777777777778	16.1
0.0007321800281293953	0.0	0.008720112517580873	0.0014064697609001407	0.0007130801687763713	0.009326300984528833	0.10759493670886076	0.005834036568213783	0.011251758087201125	0.4317862165963432	0.024472573839662445	0.5463431786216596	0.01341772151898734	25.1
0.0004072433192686357	0.0	0.01489451476793249	0.0	0.0006877637130801688	0.007611814345991561	0.01378340365682138	0.0050457102672292545	0.005625879043600563	0.38959212376933894	0.026160337552742618	0.49075949367088606	0.04156118143459916	23.7
9.863572433192686e-05	0.0	0.019535864978902955	0.0	0.0007735583684950774	0.009341772151898735	0.11969057665260197	0.004811673699015471	0.007032348804500703	0.3881856540084388	0.023066104078762306	0.5524331926863572	0.013628691983122361	28.7
8.129395218002813e-05	0.0	0.0034599156118143458	0.0	0.0006863572433192687	0.009817158931082983	0.08213783403656821	0.003978902953586498	0.004219409282700422	0.2714486638537271	0.025035161744022504	0.5582278481012658	0.007088607594936709	37.2
6.587904360056258e-05	0.0	0.00479606188466948	0.0	0.0006877637130801688	0.009025316455696202	0.0929676511954993	0.004349226441631505	0.0028129395218002813	0.379746835443038	0.025035161744022504	0.5515893108298172	0.01239099859353024	22.6
0.006768115330520394	0.0	0.025457102672292547	0.0	0.0010028129395218003	0.009424753867791841	0.12658227848101267	0.0036533052039381154	0.03375527426160337	0.9367088607594937	0.02841068917018284	0.3589732770745429	0.023094233473980312	16.4
7.538677918424755e-05	0.029535864978902954	0.007932489451476793	0.0	0.0006174402250351618	0.009157524613220816	0.02967651195499297	0.009584669479606189	0.005625879043600563	0.34177215189873417	0.023628691983122365	0.5582278481012658	0.007426160337552743	25.0
0.0001769198312236287	0.06329113924050633	0.004838255977496484	0.0	0.0006146272855133615	0.009220815752461323	0.0409282700421941	0.006422925457102672	0.007032348804500703	0.559774964838256	0.021378340365682136	0.5384528832630098	0.006413502109704641	29.8
0.00111168776371308	0.0	0.013924050632911394	0.0	0.0007651195499296765	0.008610407876230661	0.07426160337552742	0.0037135021097046412	0.005625879043600563	0.42756680731364277	0.025879043600562587	0.5582278481012658	0.008410689170182842	22.1
0.0004537834036568214	0.0	0.03078762306610408	0.0	0.0008776371308016877	0.008357243319268636	0.13150492264416316	0.0027663853727144866	0.005625879043600563	0.6146272855133614	0.02981715893108298	0.5319971870604782	0.023769338959212374	17.4
0.0007845007032348805	0.0	0.03078762306610408	0.0	0.0008776371308016877	0.008909985935302392	0.13811533052039382	0.0029686357243319268	0.005625879043600563	0.6146272855133614	0.02981715893108298	0.5550914205344585	0.023853727144866388	18.1
6.562587904360056e-05	0.11251758087201125	0.0021378340365682136	0.0	0.0005682137834036569	0.0099957805907173	0.05147679324894515	0.010279887482419129	0.0028129395218002813	0.46272855133614627	0.017721518987341773	0.49832630098452885	0.01210970464135021	30.3
4.378340365682138e-05	0.0	0.006174402250351617	0.0	0.0006216596343178622	0.008458509142053447	0.06821378340365682	0.011270886075949367	0.004219409282700422	0.49507735583684953	0.026441631504922646	0.5423909985935302	0.01481012658227848	17.5
0.00024620253164556963	0.0	0.008382559774964838	0.0	0.0007018284106891702	0.008390998593530239	0.04247538677918425	0.005411111111111111	0.007032348804500703	0.3924050632911392	0.0270042194092827	0.5533473980309424	0.014247538677918425	24.7
0.01395900140646976	0.0	0.025457102672292547	0.0	0.001040787623066104	0.00879184247538678	0.13586497890295357	0.0030914205344585092	0.03375527426160337	0.9367088607594937	0.02841068917018284	0.5464416315049226	0.023122362869198314	12.6
0.00016078762306610407	0.0	0.012039381153305205	0.0	0.0007313642756680732	0.009537271448663853	0.10028129395218002	0.0040170182841068915	0.007032348804500703	0.540084388185654	0.029395218002812938	0.5563713080168776	0.010787623066104078	26.5
7.457102672292546e-05	0.0	0.00479606188466948	0.0	0.0006877637130801688	0.009956399437412096	0.08874824191279888	0.00480239099859353	0.0028129395218002813	0.379746835443038	0.025035161744022504	0.5570464135021097	0.008016877637130802	28.7
0.0003513361462728551	0.0	0.03078762306610408	0.0	0.0008776371308016877	0.008237693389592123	0.13811533052039382	0.0023468354430379746	0.005625879043600563	0.6146272855133614	0.02981715893108298	0.5513924050632911	0.029985935302391	13.3
0.036484669479606185	0.0	0.025457102672292547	0.0	0.0009549929676511956	0.007459915611814347	0.12531645569620253	0.0023171589310829817	0.03375527426160337	0.9367088607594937	0.02841068917018284	0.1791279887482419	0.03746835443037975	10.4
0.0001910970464135021	0.0	0.01489451476793249	0.0014064697609001407	0.0006877637130801688	0.008528832630098453	0.08312236286919832	0.005962306610407877	0.005625879043600563	0.38959212376933894	0.026160337552742618	0.5363150492264416	0.02061884669479606	24.4
0.0004268213783403657	0.0	0.010379746835443038	0.0	0.0006933895921237694	0.008877637130801688	0.04064697609001406	0.007617299578059071	0.007032348804500703	0.40365682137834036	0.02756680731364276	0.5582278481012658	0.008649789029535865	23.0
0.00956563994374121	0.0	0.025457102672292547	0.0	0.0010028129395218003	0.008552742616033756	0.11870604781997188	0.0038220815752461317	0.03375527426160337	0.9367088607594937	0.02841068917018284	0.5582278481012658	0.020675105485232066	20.0
0.012634261603375527	0.0	0.025457102672292547	0.0014064697609001407	0.0010829817158931083	0.008736990154711674	0.1369901547116737	0.002984810126582278	0.03375527426160337	0.9367088607594937	0.02841068917018284	0.5312658227848102	0.024753867791842476	17.8
0.06434050632911392	0.0	0.025457102672292547	0.0	0.0009746835443037974	0.006355836849507736	0.14064697609001406	0.0023322081575246133	0.03375527426160337	0.9367088607594937	0.02841068917018284	0.1241490857946554	0.0520112517580872	7.0
0.01500956399437412	0.0	0.025457102672292547	0.0	0.001040787623066104	0.009084388185654008	0.13333333333333333	0.0027959212376933895	0.03375527426160337	0.9367088607594937	0.02841068917018284	0.06056258790436006	0.033727144866385374	11.8
0.00032305203938115334	0.0	0.01489451476793249	0.0	0.0006877637130801688	0.00889732770745429	0.07383966244725738	0.006125035161744022	0.005625879043600563	0.38959212376933894	0.026160337552742618	0.5553727144866385	0.015428973277074544	24.4
0.026017158931082984	0.0	0.025457102672292547	0.0	0.000939521800281294	0.005819971870604782	0.14064697609001406	0.0015991561181434599	0.03375527426160337	0.9367088607594937	0.02841068917018284	0.5582278481012658	0.05340365682137834	13.8
0.0003090998593530239	0.0	0.009718706047819973	0.0	0.0006300984528832631	0.007879043600562588	0.08720112517580872	0.008562165963431786	0.004219409282700422	0.32770745428973275	0.025175808720112516	0.5582278481012658	0.02278481012658228	19.4
0.00022800281293952181	0.02812939521800281	0.009789029535864979	0.0	0.0006526019690576653	0.008776371308016877	0.022925457102672294	0.006229254571026723	0.004219409282700422	0.3136427566807314	0.026160337552742618	0.5582278481012658	0.009268635724331927	25.2
4.8748241912798876e-05	0.04922644163150492	0.008523206751054852	0.0	0.0006158931082981716	0.008482419127988748	0.03277074542897328	0.009339943741209564	0.0014064697609001407	0.42756680731364277	0.023769338959212374	0.509493670886076	0.011012658227848101	19.4
0.003022756680731364	0.0	0.02753867791842475	0.0	0.0012250351617440224	0.008029535864978902	0.13853727144866385	0.002282981715893108	0.007032348804500703	0.5668073136427567	0.020675105485232066	0.36842475386779183	0.02220815752461322	19.4
2.0239099859353023e-05	0.08438818565400844	0.004120956399437412	0.0	0.0005639943741209564	0.009288326300984528	0.026441631504922646	0.008747679324894515	0.0014064697609001407	0.3727144866385373	0.021940928270042192	0.5298171589310829	0.006160337552742616	29.1
